181801 34.875
181802 22.428571428571427
181803 25.428571428571427
181804 34.523809523809526
181805 53.08
181806 36.44
181807 28.0
181808 31.5
181809 26.055555555555557
181810 31.636363636363637
181811 10.916666666666666
181812 25.846153846153847
181901 32.833333333333336
181902 20.7
181903 3.739130434782609
181904 20.217391304347824
181905 19.580645161290324
181906 34.95652173913044
181907 31.4
181908 26.083333333333332
181909 14.851851851851851
181910 27.545454545454547
181911 25.105263157894736
181912 30.6
182001 19.210526315789473
182002 26.642857142857142
182003 4.478260869565218
182004 19.36842105263158
182005 29.35
182006 10.76
182007 20.571428571428573
182008 25.88235294117647
182009 5.16
182010 8.923076923076923
182011 7.923076923076923
182012 9.0625
182101 21.5
182102 4.208333333333333
182103 5.689655172413793
182104 9.166666666666666
182105 1.6774193548387097
182106 1.793103448275862
182107 2.5416666666666665
182108 4.8076923076923075
182109 4.379310344827586
182110 18.857142857142858
182111 4.407407407407407
182112 0.25806451612903225
182201 0.0
182202 0.8928571428571429
182203 16.107142857142858
182204 13.0
182205 1.4666666666666666
182206 5.620689655172414
182207 7.9655172413793105
182208 2.064516129032258
182209 0.0
182210 0.3548387096774194
182211 0.0
182212 0.0
182301 0.0
182302 0.0
182303 0.5862068965517241
182304 0.0
182305 0.0
182306 0.0
182307 0.4583333333333333
182308 0.0
182309 0.0
182310 0.0
182311 0.0
182312 20.38888888888889
182401 21.666666666666668
182403 0.0
182404 19.375
182405 2.789473684210526
182406 0.0
182407 0.0
182408 1.4
182409 20.526315789473685
182410 25.2
182411 0.0
182412 0.85
182501 5.0344827586206895
182502 15.5
182503 22.444444444444443
182504 3.76
182505 15.48
182506 15.428571428571429
182507 30.9
182508 25.733333333333334
182509 15.692307692307692
182510 15.6
182511 11.722222222222221
182512 22.043478260869566
182601 17.714285714285715
182602 18.16
182603 36.714285714285715
182604 24.037037037037038
182605 32.4
182606 37.06896551724138
182607 52.5
182608 39.61290322580645
182609 18.933333333333334
182610 50.642857142857146
182611 39.5
182612 68.10526315789474
182701 34.608695652173914
182702 47.4
182703 57.785714285714285
182704 46.0
182705 56.3
182706 56.65384615384615
182707 42.29032258064516
182708 53.724137931034484
182709 49.6
182710 56.111111111111114
182711 48.25
182712 46.12
182801 52.833333333333336
182802 64.36363636363636
182803 65.04166666666667
182804 61.10344827586207
182805 89.14814814814815
182806 98.03846153846153
182807 54.225806451612904
182808 76.45161290322581
182809 50.4
182810 54.69230769230769
182811 57.0
182812 46.93333333333333
182901 43.0
182902 49.4
182903 72.34615384615384
182904 95.03448275862068
182905 67.44827586206897
182906 73.89285714285714
182907 90.85714285714286
182908 77.5925925925926
182909 52.80769230769231
182910 57.17391304347826
182911 67.63157894736842
182912 56.54545454545455
183001 52.1764705882353
183002 72.05555555555556
183003 84.65
183004 106.3076923076923
183005 66.28571428571429
183006 65.07407407407408
183007 43.88461538461539
183008 50.72
183009 62.125
183010 84.4
183011 81.26315789473684
183012 82.15384615384616
183101 47.45454545454545
183102 50.142857142857146
183103 93.4
183104 54.48148148148148
183105 38.096774193548384
183106 33.370370370370374
183107 45.206896551724135
183108 54.964285714285715
183109 37.90909090909091
183110 46.26086956521739
183111 43.53333333333333
183112 28.933333333333334
183201 30.90909090909091
183202 55.56521739130435
183203 55.095238095238095
183204 26.925925925925927
183205 41.285714285714285
183206 26.727272727272727
183207 13.96
183208 8.870967741935484
183209 8.172413793103448
183210 21.12
183211 14.333333333333334
183212 27.529411764705884
183301 11.272727272727273
183302 14.952380952380953
183303 11.842105263157896
183304 2.7777777777777777
183305 12.892857142857142
183306 1.0
183307 7.0
183308 5.7
183309 11.5625
183310 7.517241379310345
183311 5.916666666666667
183312 9.947368421052632
183401 4.909090909090909
183402 18.15
183403 3.9166666666666665
183404 1.44
183405 8.833333333333334
183406 7.821428571428571
183407 8.681818181818182
183408 3.9655172413793105
183409 11.523809523809524
183410 24.8
183411 30.533333333333335
183412 34.46666666666667
183501 7.454545454545454
183502 24.466666666666665
183503 19.666666666666668
183504 61.5
183505 43.59090909090909
183506 33.1764705882353
183507 59.76923076923077
183508 59.0
183509 100.81818181818181
183510 95.1875
183511 100.0
183512 77.5
183601 88.58823529411765
183602 107.57142857142857
183603 98.16666666666667
183604 142.875
183605 111.43478260869566
183606 124.73333333333333
183607 116.73333333333333
183608 107.8125
183609 95.08333333333333
183610 137.36363636363637
183611 120.9090909090909
183612 206.25
183701 188.0
183702 175.6153846153846
183703 134.58333333333334
183704 138.2
183705 111.66666666666667
183706 158.0
183707 162.77777777777777
183708 134.0
183709 96.26315789473684
183710 123.66666666666667
183711 107.0
183712 129.75
183801 144.9090909090909
183802 84.83333333333333
183803 140.75
183804 126.625
183805 137.6
183806 94.52631578947368
183807 108.23809523809524
183808 78.8
183809 73.6086956521739
183810 90.8125
183811 77.4375
183812 79.78571428571429
183901 105.6
183902 102.5
183903 77.73333333333333
183904 61.785714285714285
183905 53.77272727272727
183906 54.65
183907 84.76
183908 131.1764705882353
183909 132.66666666666666
183910 90.875
183911 68.81818181818181
183912 63.666666666666664
184001 81.22222222222223
184002 87.71428571428571
184003 67.77777777777777
184004 65.9047619047619
184005 69.18181818181819
184006 48.51851851851852
184007 60.69565217391305
184008 57.791666666666664
184009 74.0
184010 55.05263157894737
184011 54.3
184012 53.72727272727273
184101 24.066666666666666
184102 29.9
184103 29.727272727272727
184104 40.17857142857143
184105 67.51851851851852
184106 55.708333333333336
184107 30.85185185185185
184108 39.285714285714285
184109 36.535714285714285
184110 28.473684210526315
184111 19.8
184112 38.8421052631579
184201 20.4
184202 22.09090909090909
184203 21.72
184204 26.933333333333334
184205 24.870967741935484
184206 20.5
184207 12.612903225806452
184208 26.64516129032258
184209 18.357142857142858
184210 38.08695652173913
184211 40.52
184212 17.6
184301 13.272727272727273
184302 3.5
184303 8.310344827586206
184304 9.517241379310345
184305 21.066666666666666
184306 10.533333333333333
184307 9.548387096774194
184308 11.774193548387096
184309 4.166666666666667
184310 5.32258064516129
184311 19.074074074074073
184312 12.6875
184401 9.458333333333334
184402 14.727272727272727
184403 13.571428571428571
184404 20.785714285714285
184405 11.6
184406 3.7241379310344827
184407 21.17241379310345
184408 23.857142857142858
184409 6.962962962962963
184410 21.52
184411 10.75
184412 21.6
184501 25.705882352941178
184502 43.64705882352941
184503 43.27272727272727
184504 56.96
184505 47.81481481481482
184506 31.12
184507 30.625
184508 32.333333333333336
184509 29.615384615384617
184510 40.68421052631579
184511 39.391304347826086
184512 59.69230769230769
184601 38.73684210526316
184602 51.0
184603 63.86363636363637
184604 69.26315789473684
184605 59.95238095238095
184606 65.10714285714286
184607 46.5
184608 54.76923076923077
184609 107.08695652173913
184610 55.9375
184611 60.375
184612 65.5
184701 62.63636363636363
184702 44.9
184703 85.73684210526316
184704 44.75
184705 75.46153846153847
184706 85.32
184707 52.24
184708 140.57142857142858
184709 160.93333333333334
184710 180.42105263157896
184711 138.9
184712 109.57142857142857
184801 159.14285714285714
184802 111.76923076923077
184803 108.6470588235294
184804 107.11111111111111
184805 102.22222222222223
184806 128.95833333333334
184807 139.1851851851852
184808 132.57142857142858
184809 100.35
184810 132.3846153846154
184811 114.5625
184812 159.54166666666666
184901 157.03225806451613
184902 131.75
184903 96.16129032258064
184904 102.46666666666667
184905 80.61290322580645
184906 81.13333333333334
184907 78.0
184908 67.70967741935483
184909 93.7
184910 71.48387096774194
184911 99.03333333333333
184912 97.0
185001 77.96774193548387
185002 89.35714285714286
185003 82.61290322580645
185004 44.13333333333333
185005 61.58064516129032
185006 70.0
185007 39.12903225806452
185008 61.61290322580645
185009 86.2
185010 71.0
185011 54.8
185012 60.96774193548387
185101 75.54838709677419
185102 105.39285714285714
185103 64.61290322580645
185104 56.5
185105 62.645161290322584
185106 63.166666666666664
185107 36.12903225806452
185108 57.38709677419355
185109 67.9
185110 62.483870967741936
185111 50.96666666666667
185112 71.38709677419355
185201 68.38709677419355
185202 66.44827586206897
185203 61.193548387096776
185204 65.4
185205 54.903225806451616
185206 46.86666666666667
185207 42.064516129032256
185208 39.67741935483871
185209 37.46666666666667
185210 67.3225806451613
185211 54.266666666666666
185212 45.354838709677416
185301 41.064516129032256
185302 42.892857142857146
185303 37.67741935483871
185304 47.6
185305 34.70967741935484
185306 40.0
185307 45.903225806451616
185308 50.45161290322581
185309 33.53333333333333
185310 42.354838709677416
185311 28.766666666666666
185312 23.419354838709676
185401 15.387096774193548
185402 20.035714285714285
185403 20.677419354838708
185404 26.466666666666665
185405 24.0
185406 21.066666666666666
185407 18.70967741935484
185408 15.774193548387096
185409 22.4
185410 12.64516129032258
185411 28.166666666666668
185412 21.612903225806452
185501 12.290322580645162
185502 11.357142857142858
185503 17.387096774193548
185504 4.4
185505 9.096774193548388
185506 5.266666666666667
185507 0.3548387096774194
185508 3.129032258064516
185509 0.0
185510 9.64516129032258
185511 4.166666666666667
185512 3.064516129032258
185601 0.5161290322580645
185602 4.931034482758621
185603 0.3870967741935484
185604 6.533333333333333
185605 0.0
185606 5.166666666666667
185607 4.612903225806452
185608 5.935483870967742
185609 4.433333333333334
185610 4.516129032258065
185611 7.733333333333333
185612 7.193548387096774
185701 13.67741935483871
185702 7.428571428571429
185703 5.193548387096774
185704 11.1
185705 28.548387096774192
185706 16.033333333333335
185707 22.193548387096776
185708 16.870967741935484
185709 42.43333333333333
185710 40.58064516129032
185711 31.366666666666667
185712 37.193548387096776
185801 39.03225806451613
185802 34.892857142857146
185803 57.45161290322581
185804 38.3
185805 41.41935483870968
185806 44.46666666666667
185807 56.67741935483871
185808 55.25806451612903
185809 80.13333333333334
185810 91.19354838709677
185811 51.93333333333333
185812 66.87096774193549
185901 83.6774193548387
185902 87.60714285714286
185903 90.29032258064517
185904 85.73333333333333
185905 91.0
185906 87.06666666666666
185907 95.16129032258064
185908 106.83870967741936
185909 105.76666666666667
185910 114.58064516129032
185911 97.16666666666667
185912 81.03225806451613
186001 82.41935483870968
186002 88.34482758620689
186003 98.90322580645162
186004 71.36666666666666
186005 107.09677419354838
186006 108.56666666666666
186007 116.74193548387096
186008 100.25806451612904
186009 92.23333333333333
186010 90.06451612903226
186011 97.93333333333334
186012 95.61290322580645
186101 62.29032258064516
186102 77.71428571428571
186103 101.03225806451613
186104 98.5
186105 56.774193548387096
186106 88.13333333333334
186107 78.03225806451613
186108 82.54838709677419
186109 79.93333333333334
186110 67.2258064516129
186111 53.666666666666664
186112 80.45161290322581
186201 63.096774193548384
186202 64.46428571428571
186203 43.58064516129032
186204 53.7
186205 64.41935483870968
186206 84.03333333333333
186207 73.41935483870968
186208 62.483870967741936
186209 66.56666666666666
186210 41.935483870967744
186211 50.56666666666667
186212 40.87096774193548
186301 48.25806451612903
186302 56.67857142857143
186303 66.38709677419355
186304 40.63333333333333
186305 53.774193548387096
186306 40.833333333333336
186307 32.74193548387097
186308 48.096774193548384
186309 21.966666666666665
186310 39.87096774193548
186311 37.7
186312 41.16129032258065
186401 57.74193548387097
186402 47.13793103448276
186403 66.3225806451613
186404 35.833333333333336
186405 40.58064516129032
186406 57.833333333333336
186407 54.70967741935484
186408 54.774193548387096
186409 28.5
186410 33.87096774193548
186411 57.56666666666667
186412 28.580645161290324
186501 48.70967741935484
186502 39.285714285714285
186503 39.45161290322581
186504 29.433333333333334
186505 34.516129032258064
186506 33.56666666666667
186507 26.774193548387096
186508 37.774193548387096
186509 21.6
186510 17.129032258064516
186511 24.566666666666666
186512 12.806451612903226
186601 31.580645161290324
186602 38.392857142857146
186603 24.548387096774192
186604 17.6
186605 12.935483870967742
186606 16.533333333333335
186607 9.258064516129032
186608 12.741935483870968
186609 7.333333333333333
186610 14.064516129032258
186611 9.033333333333333
186612 1.5161290322580645
186701 0.0
186702 0.7142857142857143
186703 9.193548387096774
186704 5.1
186705 2.903225806451613
186706 1.4666666666666666
186707 4.967741935483871
186708 4.774193548387097
186709 9.833333333333334
186710 13.451612903225806
186711 9.566666666666666
186712 25.225806451612904
186801 15.548387096774194
186802 15.724137931034482
186803 26.451612903225808
186804 36.63333333333333
186805 26.677419354838708
186806 31.066666666666666
186807 28.967741935483872
186808 34.38709677419355
186809 47.166666666666664
186810 61.61290322580645
186811 59.1
186812 67.61290322580645
186901 60.935483870967744
186902 59.857142857142854
186903 52.70967741935484
186904 41.0
186905 103.93548387096774
186906 108.36666666666666
186907 59.225806451612904
186908 79.61290322580645
186909 80.63333333333334
186910 59.32258064516129
186911 78.06666666666666
186912 104.35483870967742
187001 77.25806451612904
187002 114.92857142857143
187003 157.5483870967742
187004 159.96666666666667
187005 176.03225806451613
187006 135.63333333333333
187007 132.38709677419354
187008 153.80645161290323
187009 135.96666666666667
187010 146.38709677419354
187011 147.53333333333333
187012 129.96774193548387
187101 88.3225806451613
187102 125.28571428571429
187103 143.19354838709677
187104 162.43333333333334
187105 145.4516129032258
187106 91.66666666666667
187107 102.96774193548387
187108 110.12903225806451
187109 80.26666666666667
187110 89.03225806451613
187111 105.4
187112 90.38709677419355
187201 79.51612903225806
187202 120.10344827586206
187203 88.41935483870968
187204 102.13333333333334
187205 107.58064516129032
187206 109.9
187207 105.48387096774194
187208 92.90322580645162
187209 114.56666666666666
187210 102.61290322580645
187211 111.96666666666667
187212 83.87096774193549
187301 86.6774193548387
187302 107.0
187303 98.29032258064517
187304 76.16666666666667
187305 47.87096774193548
187306 44.8
187307 66.87096774193549
187308 68.19354838709677
187309 47.13333333333333
187310 47.096774193548384
187311 55.4
187312 49.16129032258065
187401 60.774193548387096
187402 64.17857142857143
187403 46.41935483870968
187404 32.03333333333333
187405 44.645161290322584
187406 38.166666666666664
187407 67.83870967741936
187408 61.25806451612903
187409 28.0
187410 34.32258064516129
187411 28.9
187412 29.258064516129032
187501 14.64516129032258
187502 21.464285714285715
187503 33.774193548387096
187504 29.066666666666666
187505 11.483870967741936
187506 23.866666666666667
187507 12.483870967741936
187508 14.612903225806452
187509 2.3666666666666667
187510 12.741935483870968
187511 17.733333333333334
187512 9.903225806451612
187601 14.32258064516129
187602 15.03448275862069
187603 30.580645161290324
187604 2.3333333333333335
187605 5.064516129032258
187606 1.6333333333333333
187607 15.225806451612904
187608 8.806451612903226
187609 9.9
187610 14.258064516129032
187611 9.9
187612 8.161290322580646
187701 24.419354838709676
187702 8.678571428571429
187703 11.935483870967742
187704 15.8
187705 21.64516129032258
187706 14.166666666666666
187707 6.032258064516129
187708 6.32258064516129
187709 16.9
187710 6.709677419354839
187711 14.233333333333333
187712 2.161290322580645
187801 3.3225806451612905
187802 6.607142857142857
187803 7.838709677419355
187804 0.1
187805 5.903225806451613
187806 6.433333333333334
187807 0.12903225806451613
187808 0.0
187809 5.266666666666667
187810 1.1290322580645162
187811 4.066666666666666
187812 0.5483870967741935
187901 1.0
187902 0.5714285714285714
187903 0.0
187904 6.233333333333333
187905 2.3870967741935485
187906 4.766666666666667
187907 7.548387096774194
187908 10.741935483870968
187909 6.066666666666666
187910 12.258064516129032
187911 13.1
187912 7.290322580645161
188001 24.032258064516128
188002 27.17241379310345
188003 19.29032258064516
188004 19.466666666666665
188005 23.516129032258064
188006 34.13333333333333
188007 21.870967741935484
188008 48.12903225806452
188009 66.03333333333333
188010 43.0
188011 30.666666666666668
188012 29.64516129032258
188101 36.354838709677416
188102 53.17857142857143
188103 51.45161290322581
188104 51.63333333333333
188105 43.54838709677419
188106 60.5
188107 76.90322580645162
188108 58.354838709677416
188109 53.166666666666664
188110 64.35483870967742
188111 54.833333333333336
188112 47.29032258064516
188201 45.03225806451613
188202 69.53571428571429
188203 66.83870967741936
188204 95.76666666666667
188205 64.12903225806451
188206 45.233333333333334
188207 45.41935483870968
188208 40.41935483870968
188209 57.666666666666664
188210 59.193548387096776
188211 84.36666666666666
188212 41.83870967741935
188301 60.61290322580645
188302 46.92857142857143
188303 42.774193548387096
188304 82.06666666666666
188305 31.483870967741936
188306 76.33333333333333
188307 80.61290322580645
188308 46.0
188309 52.63333333333333
188310 83.7741935483871
188311 84.46666666666667
188312 75.93548387096774
188401 91.54838709677419
188402 86.86206896551724
188403 87.48387096774194
188404 76.1
188405 66.51612903225806
188406 51.2
188407 53.096774193548384
188408 55.806451612903224
188409 61.9
188410 47.806451612903224
188411 36.6
188412 47.16129032258065
188501 42.806451612903224
188502 71.82142857142857
188503 49.774193548387096
188504 55.03333333333333
188505 73.0
188506 83.7
188507 66.51612903225806
188508 50.03225806451613
188509 39.6
188510 38.70967741935484
188511 30.933333333333334
188512 21.741935483870968
188601 29.903225806451612
188602 25.928571428571427
188603 57.29032258064516
188604 43.733333333333334
188605 30.741935483870968
188606 27.133333333333333
188607 30.258064516129032
188608 16.870967741935484
188609 21.4
188610 8.612903225806452
188611 0.3333333333333333
188612 13.0
188701 10.258064516129032
188702 13.178571428571429
188703 4.225806451612903
188704 6.933333333333334
188705 20.032258064516128
188706 15.7
188707 23.35483870967742
188708 21.419354838709676
188709 7.433333333333334
188710 6.580645161290323
188711 6.866666666666666
188712 20.70967741935484
188801 12.709677419354838
188802 7.068965517241379
188803 7.838709677419355
188804 5.1
188805 7.032258064516129
188806 7.1
188807 3.064516129032258
188808 2.774193548387097
188809 8.766666666666667
188810 2.064516129032258
188811 10.733333333333333
188812 6.67741935483871
188901 0.8064516129032258
188902 8.535714285714286
188903 6.67741935483871
188904 4.333333333333333
188905 2.3870967741935485
188906 6.433333333333334
188907 9.419354838709678
188908 20.580645161290324
188909 6.5
188910 2.064516129032258
188911 0.16666666666666666
188912 6.741935483870968
189001 5.290322580645161
189002 0.6428571428571429
189003 5.096774193548387
189004 1.6
189005 4.774193548387097
189006 1.3333333333333333
189007 11.612903225806452
189008 8.516129032258064
189009 17.2
189010 11.193548387096774
189011 9.566666666666666
189012 7.838709677419355
189101 13.516129032258064
189102 22.178571428571427
189103 10.35483870967742
189104 20.533333333333335
189105 41.12903225806452
189106 48.266666666666666
189107 58.774193548387096
189108 33.0
189109 53.833333333333336
189110 51.54838709677419
189111 41.9
189112 32.54838709677419
189201 69.09677419354838
189202 75.62068965517241
189203 49.935483870967744
189204 69.6
189205 79.61290322580645
189206 76.33333333333333
189207 76.51612903225806
189208 101.41935483870968
189209 62.8
189210 70.48387096774194
189211 65.36666666666666
189212 78.64516129032258
189301 75.03225806451613
189302 72.96428571428571
189303 65.74193548387096
189304 88.06666666666666
189305 84.74193548387096
189306 89.9
189307 88.64516129032258
189308 129.19354838709677
189309 77.9
189310 79.96774193548387
189311 75.06666666666666
189312 93.83870967741936
189401 83.19354838709677
189402 84.60714285714286
189403 52.25806451612903
189404 81.6
189405 101.2258064516129
189406 98.86666666666666
189407 106.03225806451613
189408 70.25806451612904
189409 65.93333333333334
189410 75.45161290322581
189411 56.6
189412 60.03225806451613
189501 63.25806451612903
189502 67.17857142857143
189503 60.96774193548387
189504 76.93333333333334
189505 67.45161290322581
189506 71.46666666666667
189507 47.83870967741935
189508 68.93548387096774
189509 57.7
189510 67.90322580645162
189511 47.166666666666664
189512 70.6774193548387
189601 29.0
189602 57.41379310344828
189603 51.96774193548387
189604 43.766666666666666
189605 27.677419354838708
189606 49.0
189607 45.03225806451613
189608 27.225806451612904
189609 61.333333333333336
189610 28.70967741935484
189611 38.0
189612 42.58064516129032
189701 40.61290322580645
189702 29.357142857142858
189703 29.129032258064516
189704 31.0
189705 20.0
189706 11.3
189707 27.64516129032258
189708 21.838709677419356
189709 48.13333333333333
189710 14.32258064516129
189711 8.366666666666667
189712 33.25806451612903
189801 30.193548387096776
189802 36.392857142857146
189803 38.29032258064516
189804 14.533333333333333
189805 25.838709677419356
189806 22.266666666666666
189807 9.03225806451613
189808 31.419354838709676
189809 34.833333333333336
189810 34.354838709677416
189811 30.933333333333334
189812 12.612903225806452
189901 19.451612903225808
189902 9.178571428571429
189903 18.129032258064516
189904 14.166666666666666
189905 7.67741935483871
189906 20.466666666666665
189907 13.548387096774194
189908 2.935483870967742
189909 8.366666666666667
189910 13.0
189911 7.8
189912 10.516129032258064
190001 9.35483870967742
190002 13.642857142857142
190003 8.580645161290322
190004 16.0
190005 15.161290322580646
190006 12.1
190007 8.32258064516129
190008 4.258064516129032
190009 8.3
190010 12.935483870967742
190011 4.5
190012 0.2903225806451613
190101 0.22580645161290322
190102 2.392857142857143
190103 4.451612903225806
190104 0.0
190105 10.193548387096774
190106 5.8
190107 0.6774193548387096
190108 1.0
190109 0.5666666666666667
190110 3.7419354838709675
190111 3.8333333333333335
190112 0.0
190201 5.548387096774194
190202 0.0
190203 12.419354838709678
190204 0.0
190205 2.806451612903226
190206 1.4333333333333333
190207 0.9032258064516129
190208 2.2580645161290325
190209 7.6
190210 16.29032258064516
190211 10.3
190212 1.064516129032258
190301 8.258064516129032
190302 17.035714285714285
190303 13.483870967741936
190304 26.066666666666666
190305 14.580645161290322
190306 16.3
190307 27.870967741935484
190308 28.838709677419356
190309 11.133333333333333
190310 38.87096774193548
190311 44.5
190312 45.645161290322584
190401 31.580645161290324
190402 24.517241379310345
190403 37.193548387096776
190404 42.96666666666667
190405 39.45161290322581
190406 41.86666666666667
190407 50.58064516129032
190408 58.225806451612904
190409 30.1
190410 54.193548387096776
190411 38.0
190412 54.645161290322584
190501 54.774193548387096
190502 85.75
190503 56.54838709677419
190504 39.3
190505 47.96774193548387
190506 49.0
190507 73.0
190508 58.83870967741935
190509 55.0
190510 78.70967741935483
190511 107.23333333333333
190512 55.54838709677419
190601 45.516129032258064
190602 31.321428571428573
190603 64.45161290322581
190604 55.3
190605 57.74193548387097
190606 63.2
190607 103.61290322580645
190608 47.74193548387097
190609 56.06666666666667
190610 17.838709677419356
190611 38.9
190612 64.74193548387096
190701 76.38709677419355
190702 108.17857142857143
190703 60.67741935483871
190704 52.6
190705 42.903225806451616
190706 40.36666666666667
190707 49.70967741935484
190708 54.25806451612903
190709 85.0
190710 65.38709677419355
190711 61.5
190712 47.32258064516129
190801 39.193548387096776
190802 33.93103448275862
190803 28.677419354838708
190804 57.6
190805 40.806451612903224
190806 48.1
190807 39.45161290322581
190808 90.54838709677419
190809 86.93333333333334
190810 32.32258064516129
190811 45.53333333333333
190812 39.54838709677419
190901 56.74193548387097
190902 46.607142857142854
190903 66.25806451612904
190904 32.266666666666666
190905 35.96774193548387
190906 22.633333333333333
190907 35.774193548387096
190908 23.129032258064516
190909 38.8
190910 58.38709677419355
190911 55.766666666666666
190912 54.16129032258065
191001 26.419354838709676
191002 31.464285714285715
191003 21.387096774193548
191004 8.4
191005 22.193548387096776
191006 12.266666666666667
191007 14.129032258064516
191008 11.548387096774194
191009 26.233333333333334
191010 38.32258064516129
191011 4.933333333333334
191012 5.774193548387097
191101 3.3548387096774195
191102 9.035714285714286
191103 7.806451612903226
191104 16.5
191105 9.03225806451613
191106 2.2333333333333334
191107 3.5483870967741935
191108 4.0
191109 4.033333333333333
191110 2.6451612903225805
191111 4.166666666666667
191112 2.225806451612903
191201 0.25806451612903225
191202 0.0
191203 4.935483870967742
191204 4.5
191205 4.387096774193548
191206 4.133333333333334
191207 2.967741935483871
191208 0.2903225806451613
191209 9.533333333333333
191210 4.580645161290323
191211 1.1333333333333333
191212 6.387096774193548
191301 2.2580645161290325
191302 2.892857142857143
191303 0.45161290322580644
191304 0.9333333333333333
191305 0.0
191306 0.0
191307 1.7419354838709677
191308 0.22580645161290322
191309 1.1666666666666667
191310 3.096774193548387
191311 0.7
191312 3.774193548387097
191401 2.806451612903226
191402 2.642857142857143
191403 3.129032258064516
191404 17.333333333333332
191405 5.225806451612903
191406 11.433333333333334
191407 5.419354838709677
191408 7.709677419354839
191409 12.666666666666666
191410 8.193548387096774
191411 16.4
191412 22.322580645161292
191501 23.032258064516128
191502 42.25
191503 38.83870967741935
191504 41.3
191505 33.03225806451613
191506 68.76666666666667
191507 71.61290322580645
191508 69.61290322580645
191509 49.46666666666667
191510 53.516129032258064
191511 42.53333333333333
191512 34.483870967741936
191601 45.29032258064516
191602 55.44827586206897
191603 67.0
191604 71.83333333333333
191605 74.45161290322581
191606 67.73333333333333
191607 53.54838709677419
191608 35.16129032258065
191609 45.06666666666667
191610 50.70967741935484
191611 65.63333333333334
191612 52.96774193548387
191701 74.6774193548387
191702 71.89285714285714
191703 94.83870967741936
191704 74.73333333333333
191705 114.12903225806451
191706 114.9
191707 119.83870967741936
191708 154.5483870967742
191709 129.36666666666667
191710 72.19354838709677
191711 96.43333333333334
191712 129.32258064516128
191801 96.03225806451613
191802 65.25
191803 72.2258064516129
191804 80.46666666666667
191805 76.70967741935483
191806 59.36666666666667
191807 107.64516129032258
191808 101.74193548387096
191809 79.93333333333334
191810 85.0
191811 83.4
191812 59.16129032258065
191901 48.12903225806452
191902 79.5
191903 66.48387096774194
191904 51.766666666666666
191905 88.12903225806451
191906 111.16666666666667
191907 64.70967741935483
191908 69.03225806451613
191909 54.733333333333334
191910 52.774193548387096
191911 41.96666666666667
191912 34.87096774193548
192001 51.12903225806452
192002 53.89655172413793
192003 70.16129032258064
192004 14.8
192005 33.25806451612903
192006 38.733333333333334
192007 27.451612903225808
192008 19.161290322580644
192009 36.3
192010 49.61290322580645
192011 27.2
192012 29.93548387096774
192101 31.548387096774192
192102 28.25
192103 26.677419354838708
192104 32.36666666666667
192105 22.193548387096776
192106 33.733333333333334
192107 41.87096774193548
192108 22.806451612903224
192109 17.833333333333332
192110 18.161290322580644
192111 17.766666666666666
192112 20.322580645161292
192201 11.838709677419354
192202 26.357142857142858
192203 54.70967741935484
192204 11.0
192205 7.967741935483871
192206 5.833333333333333
192207 10.903225806451612
192208 6.548387096774194
192209 4.666666666666667
192210 6.193548387096774
192211 7.366666666666666
192212 17.451612903225808
192301 4.516129032258065
192302 1.5
192303 3.2580645161290325
192304 6.133333333333334
192305 3.193548387096774
192306 9.133333333333333
192307 3.5483870967741935
192308 0.4838709677419355
192309 13.233333333333333
192310 11.64516129032258
192311 10.0
192312 2.774193548387097
192401 0.4838709677419355
192402 5.068965517241379
192403 1.8064516129032258
192404 11.333333333333334
192405 20.774193548387096
192406 24.0
192407 28.129032258064516
192408 19.322580645161292
192409 25.133333333333333
192410 25.612903225806452
192411 22.5
192412 16.483870967741936
192501 5.483870967741935
192502 23.214285714285715
192503 18.0
192504 31.733333333333334
192505 42.83870967741935
192506 47.46666666666667
192507 38.516129032258064
192508 37.903225806451616
192509 60.233333333333334
192510 69.2258064516129
192511 58.56666666666667
192512 98.61290322580645
192601 71.80645161290323
192602 69.85714285714286
192603 62.516129032258064
192604 38.53333333333333
192605 64.25806451612904
192606 73.46666666666667
192607 52.29032258064516
192608 61.58064516129032
192609 60.833333333333336
192610 71.51612903225806
192611 60.53333333333333
192612 79.41935483870968
192701 81.58064516129032
192702 93.0
192703 69.61290322580645
192704 93.53333333333333
192705 79.12903225806451
192706 59.1
192707 54.935483870967744
192708 53.806451612903224
192709 68.43333333333334
192710 63.096774193548384
192711 67.23333333333333
192712 45.193548387096776
192801 83.51612903225806
192802 73.51724137931035
192803 85.45161290322581
192804 80.56666666666666
192805 76.96774193548387
192806 91.43333333333334
192807 98.03225806451613
192808 83.83870967741936
192809 89.73333333333333
192810 61.41935483870968
192811 50.333333333333336
192812 59.03225806451613
192901 68.90322580645162
192902 62.785714285714285
192903 50.225806451612904
192904 52.8
192905 58.225806451612904
192906 71.93333333333334
192907 70.2258064516129
192908 65.7741935483871
192909 34.4
192910 54.03225806451613
192911 81.1
192912 107.96774193548387
193001 65.3225806451613
193002 49.892857142857146
193003 35.03225806451613
193004 38.233333333333334
193005 36.806451612903224
193006 28.766666666666666
193007 21.903225806451612
193008 24.93548387096774
193009 32.13333333333333
193010 34.38709677419355
193011 35.63333333333333
193012 25.806451612903224
193101 14.64516129032258
193102 43.142857142857146
193103 30.032258064516128
193104 31.2
193105 24.580645161290324
193106 15.3
193107 17.419354838709676
193108 13.0
193109 19.0
193110 9.96774193548387
193111 18.733333333333334
193112 17.806451612903224
193201 12.064516129032258
193202 10.586206896551724
193203 11.225806451612904
193204 11.233333333333333
193205 17.870967741935484
193206 22.166666666666668
193207 9.64516129032258
193208 6.806451612903226
193209 3.966666666666667
193210 8.870967741935484
193211 8.166666666666666
193212 11.03225806451613
193301 12.258064516129032
193302 22.178571428571427
193303 10.096774193548388
193304 2.933333333333333
193305 3.193548387096774
193306 5.2
193307 2.838709677419355
193308 0.22580645161290322
193309 5.1
193310 3.0
193311 0.6
193312 0.25806451612903225
193401 3.4193548387096775
193402 7.785714285714286
193403 4.258064516129032
193404 11.266666666666667
193405 19.741935483870968
193406 6.7
193407 9.258064516129032
193408 8.32258064516129
193409 4.0
193410 5.741935483870968
193411 8.666666666666666
193412 15.419354838709678
193501 18.64516129032258
193502 20.464285714285715
193503 23.096774193548388
193504 12.166666666666666
193505 27.322580645161292
193506 45.7
193507 33.935483870967744
193508 30.129032258064516
193509 42.1
193510 53.193548387096776
193511 64.2
193512 61.483870967741936
193601 62.806451612903224
193602 74.27586206896552
193603 77.06451612903226
193604 74.86666666666666
193605 54.58064516129032
193606 70.0
193607 52.25806451612903
193608 87.0
193609 76.03333333333333
193610 88.96774193548387
193611 115.36666666666666
193612 123.41935483870968
193701 132.51612903225808
193702 128.46428571428572
193703 83.87096774193549
193704 109.26666666666667
193705 116.6774193548387
193706 130.3
193707 145.09677419354838
193708 137.70967741935485
193709 100.7
193710 124.90322580645162
193711 74.36666666666666
193712 88.7741935483871
193801 98.41935483870968
193802 119.17857142857143
193803 86.51612903225806
193804 101.03333333333333
193805 127.38709677419355
193806 97.53333333333333
193807 165.29032258064515
193808 115.6774193548387
193809 89.63333333333334
193810 99.12903225806451
193811 122.2
193812 92.74193548387096
193901 80.3225806451613
193902 77.39285714285714
193903 64.64516129032258
193904 109.13333333333334
193905 118.3225806451613
193906 101.03333333333333
193907 97.61290322580645
193908 105.7741935483871
193909 112.6
193910 88.12903225806451
193911 68.13333333333334
193912 42.096774193548384
194001 50.45161290322581
194002 59.44827586206897
194003 83.3225806451613
194004 60.733333333333334
194005 54.354838709677416
194006 83.86666666666666
194007 67.51612903225806
194008 105.51612903225806
194009 66.46666666666667
194010 54.96774193548387
194011 58.4
194012 68.25806451612904
194101 45.645161290322584
194102 44.535714285714285
194103 46.41935483870968
194104 32.766666666666666
194105 29.451612903225808
194106 59.766666666666666
194107 66.90322580645162
194108 60.03225806451613
194109 65.86666666666666
194110 46.29032258064516
194111 38.43333333333333
194112 33.70967741935484
194201 35.645161290322584
194202 52.75
194203 54.225806451612904
194204 60.733333333333334
194205 25.032258064516128
194206 11.366666666666667
194207 17.741935483870968
194208 20.225806451612904
194209 17.233333333333334
194210 19.225806451612904
194211 30.7
194212 22.548387096774192
194301 12.451612903225806
194302 28.857142857142858
194303 27.419354838709676
194304 26.133333333333333
194305 14.129032258064516
194306 7.6
194307 13.225806451612904
194308 19.387096774193548
194309 10.033333333333333
194310 7.774193548387097
194311 10.166666666666666
194312 18.838709677419356
194401 3.6774193548387095
194402 0.4827586206896552
194403 10.96774193548387
194404 0.26666666666666666
194405 2.4516129032258065
194406 5.0
194407 5.032258064516129
194408 16.70967741935484
194409 14.3
194410 16.870967741935484
194411 10.833333333333334
194412 28.387096774193548
194501 18.548387096774192
194502 12.714285714285714
194503 21.548387096774192
194504 32.03333333333333
194505 30.580645161290324
194506 36.166666666666664
194507 42.61290322580645
194508 25.903225806451612
194509 34.9
194510 68.7741935483871
194511 45.96666666666667
194512 27.419354838709676
194601 47.61290322580645
194602 86.21428571428571
194603 76.64516129032258
194604 75.66666666666667
194605 84.93548387096774
194606 73.53333333333333
194607 116.2258064516129
194608 107.2258064516129
194609 94.4
194610 102.3225806451613
194611 123.76666666666667
194612 121.74193548387096
194701 115.6774193548387
194702 133.35714285714286
194703 129.80645161290323
194704 149.83333333333334
194705 201.29032258064515
194706 163.93333333333334
194707 157.90322580645162
194708 188.7741935483871
194709 169.4
194710 163.61290322580646
194711 127.96666666666667
194712 116.48387096774194
194801 108.45161290322581
194802 86.10344827586206
194803 94.80645161290323
194804 189.7
194805 174.03225806451613
194806 167.76666666666668
194807 142.2258064516129
194808 157.93548387096774
194809 143.3
194810 136.25806451612902
194811 95.76666666666667
194812 137.96774193548387
194901 119.12903225806451
194902 182.28571428571428
194903 157.4516129032258
194904 146.96666666666667
194905 106.16129032258064
194906 121.7
194907 125.80645161290323
194908 123.80645161290323
194909 145.3
194910 131.58064516129033
194911 143.53333333333333
194912 117.58064516129032
195001 101.61290322580645
195002 94.82142857142857
195003 109.74193548387096
195004 113.43333333333334
195005 106.2258064516129
195006 83.6
195007 91.0
195008 85.19354838709677
195009 51.333333333333336
195010 61.354838709677416
195011 54.8
195012 54.096774193548384
195101 59.935483870967744
195102 59.92857142857143
195103 55.935483870967744
195104 92.93333333333334
195105 108.51612903225806
195106 100.56666666666666
195107 61.483870967741936
195108 60.96774193548387
195109 83.06666666666666
195110 51.58064516129032
195111 52.4
195112 45.774193548387096
195201 40.67741935483871
195202 22.655172413793103
195203 22.032258064516128
195204 29.133333333333333
195205 23.387096774193548
195206 36.43333333333333
195207 39.32258064516129
195208 54.903225806451616
195209 28.233333333333334
195210 23.838709677419356
195211 22.1
195212 34.29032258064516
195301 26.483870967741936
195302 3.9285714285714284
195303 10.0
195304 27.766666666666666
195305 12.483870967741936
195306 21.833333333333332
195307 8.612903225806452
195308 23.516129032258064
195309 19.266666666666666
195310 8.193548387096774
195311 1.6333333333333333
195312 2.5483870967741935
195401 0.22580645161290322
195402 0.5
195403 10.903225806451612
195404 1.7666666666666666
195405 0.7741935483870968
195406 0.23333333333333334
195407 4.774193548387097
195408 8.419354838709678
195409 1.4666666666666666
195410 6.967741935483871
195411 9.2
195412 7.612903225806452
195501 23.129032258064516
195502 20.75
195503 4.903225806451613
195504 11.3
195505 28.93548387096774
195506 31.7
195507 26.677419354838708
195508 40.74193548387097
195509 42.7
195510 58.45161290322581
195511 89.2
195512 76.87096774193549
195601 73.58064516129032
195602 124.03448275862068
195603 118.41935483870968
195604 110.73333333333333
195605 136.58064516129033
195606 116.6
195607 129.06451612903226
195608 169.6451612903226
195609 173.23333333333332
195610 155.32258064516128
195611 201.3
195612 192.1290322580645
195701 164.96774193548387
195702 130.25
195703 157.38709677419354
195704 175.23333333333332
195705 164.6451612903226
195706 200.73333333333332
195707 187.19354838709677
195708 158.0
195709 235.83333333333334
195710 253.80645161290323
195711 210.86666666666667
195712 239.41935483870967
195801 202.4516129032258
195802 164.92857142857142
195803 190.74193548387098
195804 196.03333333333333
195805 175.32258064516128
195806 171.53333333333333
195807 191.38709677419354
195808 200.19354838709677
195809 201.23333333333332
195810 181.48387096774192
195811 152.3
195812 187.6451612903226
195901 217.3548387096774
195902 143.07142857142858
195903 185.67741935483872
195904 163.33333333333334
195905 172.03225806451613
195906 168.7
195907 149.61290322580646
195908 199.58064516129033
195909 145.16666666666666
195910 111.41935483870968
195911 124.03333333333333
195912 125.03225806451613
196001 146.29032258064515
196002 105.96551724137932
196003 102.19354838709677
196004 122.0
196005 119.61290322580645
196006 110.23333333333333
196007 121.74193548387096
196008 134.09677419354838
196009 127.2
196010 82.80645161290323
196011 89.6
196012 85.61290322580645
196101 57.935483870967744
196102 46.107142857142854
196103 53.03225806451613
196104 61.36666666666667
196105 51.0
196106 77.36666666666666
196107 70.19354838709677
196108 55.83870967741935
196109 63.6
196110 37.67741935483871
196111 32.6
196112 39.935483870967744
196201 38.67741935483871
196202 50.32142857142857
196203 45.645161290322584
196204 46.36666666666667
196205 43.74193548387097
196206 42.0
196207 21.806451612903224
196208 21.838709677419356
196209 51.333333333333336
196210 39.516129032258064
196211 26.933333333333334
196212 23.193548387096776
196301 19.806451612903224
196302 24.357142857142858
196303 17.06451612903226
196304 29.266666666666666
196305 43.03225806451613
196306 35.93333333333333
196307 19.64516129032258
196308 33.225806451612904
196309 38.833333333333336
196310 35.29032258064516
196311 23.366666666666667
196312 14.870967741935484
196401 15.290322580645162
196402 17.655172413793103
196403 16.516129032258064
196404 8.566666666666666
196405 9.451612903225806
196406 9.133333333333333
196407 3.129032258064516
196408 9.32258064516129
196409 4.666666666666667
196410 6.064516129032258
196411 7.366666666666666
196412 15.129032258064516
196501 17.483870967741936
196502 14.25
196503 11.741935483870968
196504 6.8
196505 24.096774193548388
196506 15.933333333333334
196507 11.870967741935484
196508 8.903225806451612
196509 16.766666666666666
196510 20.129032258064516
196511 15.8
196512 16.967741935483872
196601 28.161290322580644
196602 24.428571428571427
196603 25.29032258064516
196604 48.666666666666664
196605 45.25806451612903
196606 47.666666666666664
196607 56.70967741935484
196608 51.193548387096776
196609 50.166666666666664
196610 57.225806451612904
196611 57.166666666666664
196612 70.38709677419355
196701 110.90322580645162
196702 93.64285714285714
196703 111.83870967741936
196704 69.53333333333333
196705 86.51612903225806
196706 67.26666666666667
196707 91.48387096774194
196708 107.16129032258064
196709 76.76666666666667
196710 88.2258064516129
196711 94.3
196712 126.35483870967742
196801 121.80645161290323
196802 111.89655172413794
196803 92.16129032258064
196804 81.16666666666667
196805 127.16129032258064
196806 110.26666666666667
196807 96.12903225806451
196808 109.3225806451613
196809 117.23333333333333
196810 107.74193548387096
196811 85.96666666666667
196812 109.80645161290323
196901 104.38709677419355
196902 120.5
196903 135.80645161290323
196904 106.8
196905 119.96774193548387
196906 105.96666666666667
196907 96.83870967741936
196908 97.96774193548387
196909 91.26666666666667
196910 95.6774193548387
196911 93.5
196912 97.90322580645162
197001 111.51612903225806
197002 127.75
197003 102.87096774193549
197004 109.46666666666667
197005 127.48387096774194
197006 106.83333333333333
197007 112.48387096774194
197008 93.0
197009 99.46666666666667
197010 86.61290322580645
197011 95.2
197012 83.48387096774194
197101 91.25806451612904
197102 78.96428571428571
197103 60.67741935483871
197104 71.8
197105 57.54838709677419
197106 49.766666666666666
197107 81.0
197108 61.354838709677416
197109 50.166666666666664
197110 51.74193548387097
197111 63.2
197112 82.19354838709677
197201 61.45161290322581
197202 88.44827586206897
197203 80.12903225806451
197204 63.233333333333334
197205 80.51612903225806
197206 88.03333333333333
197207 76.45161290322581
197208 76.80645161290323
197209 64.03333333333333
197210 61.32258064516129
197211 41.6
197212 45.29032258064516
197301 43.38709677419355
197302 42.892857142857146
197303 46.03225806451613
197304 57.7
197305 42.38709677419355
197306 39.53333333333333
197307 23.096774193548388
197308 25.612903225806452
197309 59.3
197310 30.677419354838708
197311 23.9
197312 23.258064516129032
197401 27.612903225806452
197402 26.0
197403 21.322580645161292
197404 40.266666666666666
197405 39.516129032258064
197406 36.03333333333333
197407 55.806451612903224
197408 33.645161290322584
197409 40.166666666666664
197410 47.096774193548384
197411 24.966666666666665
197412 20.548387096774192
197501 18.870967741935484
197502 11.464285714285714
197503 11.483870967741936
197504 5.133333333333334
197505 8.96774193548387
197506 11.4
197507 28.225806451612904
197508 39.74193548387097
197509 13.9
197510 9.129032258064516
197511 19.366666666666667
197512 7.838709677419355
197601 8.129032258064516
197602 4.310344827586207
197603 21.903225806451612
197604 18.8
197605 12.419354838709678
197606 12.233333333333333
197607 1.935483870967742
197608 16.419354838709676
197609 13.533333333333333
197610 20.580645161290324
197611 5.233333333333333
197612 15.290322580645162
197701 16.419354838709676
197702 23.071428571428573
197703 8.67741935483871
197704 12.9
197705 18.580645161290324
197706 38.53333333333333
197707 21.35483870967742
197708 30.096774193548388
197709 43.96666666666667
197710 43.774193548387096
197711 29.066666666666666
197712 43.225806451612904
197801 51.903225806451616
197802 93.64285714285714
197803 76.51612903225806
197804 99.73333333333333
197805 82.6774193548387
197806 95.06666666666666
197807 70.35483870967742
197808 58.096774193548384
197809 138.2
197810 125.06451612903226
197811 97.86666666666666
197812 122.74193548387096
197901 166.58064516129033
197902 137.53571428571428
197903 138.0
197904 101.5
197905 134.3548387096774
197906 149.5
197907 159.38709677419354
197908 142.16129032258064
197909 188.43333333333334
197910 186.16129032258064
197911 183.3
197912 176.25806451612902
198001 159.61290322580646
198002 154.9655172413793
198003 126.16129032258064
198004 164.06666666666666
198005 179.8709677419355
198006 157.26666666666668
198007 136.25806451612902
198008 135.38709677419354
198009 155.03333333333333
198010 164.70967741935485
198011 147.86666666666667
198012 174.3548387096774
198101 114.03225806451613
198102 141.32142857142858
198103 135.48387096774192
198104 156.4
198105 127.45161290322581
198106 90.86666666666666
198107 143.7741935483871
198108 158.67741935483872
198109 167.3
198110 162.41935483870967
198111 137.46666666666667
198112 150.09677419354838
198201 111.16129032258064
198202 163.60714285714286
198203 153.7741935483871
198204 122.03333333333333
198205 82.16129032258064
198206 110.43333333333334
198207 106.06451612903226
198208 107.61290322580645
198209 118.76666666666667
198210 94.74193548387096
198211 98.1
198212 126.96774193548387
198301 84.25806451612904
198302 51.0
198303 66.51612903225806
198304 80.66666666666667
198305 99.16129032258064
198306 91.13333333333334
198307 82.16129032258064
198308 71.7741935483871
198309 50.333333333333336
198310 55.806451612903224
198311 33.36666666666667
198312 33.41935483870968
198401 56.96774193548387
198402 85.37931034482759
198403 83.51612903225806
198404 69.66666666666667
198405 76.35483870967742
198406 46.13333333333333
198407 37.38709677419355
198408 25.483870967741936
198409 15.666666666666666
198410 12.03225806451613
198411 22.8
198412 18.677419354838708
198501 16.516129032258064
198502 15.892857142857142
198503 17.161290322580644
198504 16.233333333333334
198505 27.451612903225808
198506 24.166666666666668
198507 30.70967741935484
198508 11.129032258064516
198509 3.8666666666666667
198510 18.612903225806452
198511 16.233333333333334
198512 17.29032258064516
198601 2.5483870967741935
198602 23.214285714285715
198603 15.129032258064516
198604 18.5
198605 13.709677419354838
198606 1.0666666666666667
198607 18.096774193548388
198608 7.387096774193548
198609 3.7666666666666666
198610 35.38709677419355
198611 15.2
198612 6.774193548387097
198701 10.419354838709678
198702 2.4285714285714284
198703 14.741935483870968
198704 39.6
198705 33.03225806451613
198706 17.4
198707 33.0
198708 38.70967741935484
198709 33.93333333333333
198710 60.645161290322584
198711 39.86666666666667
198712 27.06451612903226
198801 58.96774193548387
198802 40.0
198803 76.2258064516129
198804 88.03333333333333
198805 60.096774193548384
198806 101.8
198807 113.83870967741936
198808 111.58064516129032
198809 120.1
198810 125.12903225806451
198811 125.13333333333334
198812 179.19354838709677
198901 161.25806451612902
198902 165.07142857142858
198903 131.3548387096774
198904 130.63333333333333
198905 138.4516129032258
198906 196.16666666666666
198907 126.90322580645162
198908 168.90322580645162
198909 176.73333333333332
198910 159.38709677419354
198911 173.03333333333333
198912 165.48387096774192
199001 177.29032258064515
199002 130.53571428571428
199003 140.25806451612902
199004 140.26666666666668
199005 132.16129032258064
199006 105.43333333333334
199007 149.38709677419354
199008 200.25806451612902
199009 125.23333333333333
199010 145.5483870967742
199011 131.36666666666667
199012 129.70967741935485
199101 136.93548387096774
199102 167.46428571428572
199103 141.8709677419355
199104 140.03333333333333
199105 121.25806451612904
199106 169.7
199107 173.67741935483872
199108 176.32258064516128
199109 125.26666666666667
199110 144.1290322580645
199111 108.16666666666667
199112 144.41935483870967
199201 149.96774193548387
199202 161.06896551724137
199203 106.74193548387096
199204 99.8
199205 73.7741935483871
199206 65.16666666666667
199207 85.70967741935483
199208 64.54838709677419
199209 63.86666666666667
199210 88.70967741935483
199211 91.83333333333333
199212 82.61290322580645
199301 59.29032258064516
199302 90.96428571428571
199303 69.83870967741936
199304 62.2
199305 61.32258064516129
199306 49.833333333333336
199307 57.87096774193548
199308 42.225806451612904
199309 22.4
199310 56.354838709677416
199311 35.56666666666667
199312 48.87096774193548
199401 57.83870967741935
199402 35.535714285714285
199403 31.70967741935484
199404 16.066666666666666
199405 17.806451612903224
199406 28.0
199407 35.064516129032256
199408 22.483870967741936
199409 25.666666666666668
199410 43.96774193548387
199411 17.966666666666665
199412 26.193548387096776
199501 24.193548387096776
199502 29.928571428571427
199503 31.129032258064516
199504 14.0
199505 14.483870967741936
199506 15.633333333333333
199507 14.516129032258064
199508 14.290322580645162
199509 11.8
199510 21.06451612903226
199511 9.033333333333333
199512 10.03225806451613
199601 11.451612903225806
199602 4.413793103448276
199603 9.161290322580646
199604 4.8
199605 5.451612903225806
199606 11.766666666666667
199607 8.193548387096774
199608 14.387096774193548
199609 1.6333333333333333
199610 0.9032258064516129
199611 17.9
199612 13.32258064516129
199701 5.741935483870968
199702 7.571428571428571
199703 8.709677419354838
199704 15.5
199705 18.483870967741936
199706 12.733333333333333
199707 10.35483870967742
199708 24.387096774193548
199709 51.3
199710 22.806451612903224
199711 38.96666666666667
199712 41.16129032258065
199801 31.870967741935484
199802 40.25
199803 54.83870967741935
199804 53.36666666666667
199805 56.25806451612903
199806 70.66666666666667
199807 66.58064516129032
199808 92.19354838709677
199809 92.93333333333334
199810 55.516129032258064
199811 74.03333333333333
199812 81.90322580645162
199901 62.0
199902 66.28571428571429
199903 68.80645161290323
199904 63.666666666666664
199905 106.41935483870968
199906 137.66666666666666
199907 113.51612903225806
199908 93.74193548387096
199909 71.46666666666667
199910 116.74193548387096
199911 133.2
199912 84.61290322580645
200001 90.09677419354838
200002 112.86206896551724
200003 138.48387096774192
200004 125.53333333333333
200005 121.58064516129032
200006 124.93333333333334
200007 170.1290322580645
200008 130.48387096774192
200009 109.73333333333333
200010 99.35483870967742
200011 106.8
200012 104.41935483870968
200101 95.58064516129032
200102 80.57142857142857
200103 113.45161290322581
200104 107.66666666666667
200105 96.58064516129032
200106 133.96666666666667
200107 81.80645161290323
200108 106.35483870967742
200109 150.7
200110 125.51612903225806
200111 106.46666666666667
200112 132.16129032258064
200201 114.06451612903226
200202 107.35714285714286
200203 98.35483870967742
200204 120.66666666666667
200205 120.7741935483871
200206 88.26666666666667
200207 99.61290322580645
200208 116.35483870967742
200209 109.6
200210 97.45161290322581
200211 95.5
200212 80.83870967741936
200301 79.6774193548387
200302 46.0
200303 61.064516129032256
200304 60.03333333333333
200305 54.645161290322584
200306 77.4
200307 83.29032258064517
200308 72.74193548387096
200309 48.666666666666664
200310 65.48387096774194
200311 67.26666666666667
200312 46.45161290322581
200401 37.32258064516129
200402 45.793103448275865
200403 49.096774193548384
200404 39.266666666666666
200405 41.45161290322581
200406 43.233333333333334
200407 51.096774193548384
200408 40.903225806451616
200409 27.7
200410 47.96774193548387
200411 43.5
200412 17.903225806451612
200501 31.258064516129032
200502 29.178571428571427
200503 24.548387096774192
200504 24.2
200505 42.74193548387097
200506 39.333333333333336
200507 40.064516129032256
200508 36.38709677419355
200509 21.9
200510 8.709677419354838
200511 17.966666666666665
200512 41.096774193548384
200601 15.32258064516129
200602 4.857142857142857
200603 10.612903225806452
200604 30.2
200605 22.322580645161292
200606 13.933333333333334
200607 12.161290322580646
200608 12.903225806451612
200609 14.433333333333334
200610 10.451612903225806
200611 21.433333333333334
200612 13.612903225806452
200701 16.806451612903224
200702 10.714285714285714
200703 4.516129032258065
200704 3.3666666666666667
200705 11.741935483870968
200706 12.066666666666666
200707 9.67741935483871
200708 6.0
200709 2.433333333333333
200710 0.8709677419354839
200711 1.7333333333333334
200712 10.096774193548388
200801 3.2903225806451615
200802 2.103448275862069
200803 9.258064516129032
200804 2.8666666666666667
200805 3.161290322580645
200806 3.3666666666666667
200807 0.8064516129032258
200808 0.4838709677419355
200809 1.0666666666666667
200810 2.870967741935484
200811 4.066666666666666
200812 0.8387096774193549
200901 1.3225806451612903
200902 1.3571428571428572
200903 0.7419354838709677
200904 0.7666666666666667
200905 2.935483870967742
200906 2.933333333333333
200907 3.225806451612903
200908 0.0
200909 4.266666666666667
200910 4.774193548387097
200911 4.1
200912 10.774193548387096
201001 13.225806451612904
201002 18.75
201003 15.387096774193548
201004 7.966666666666667
201005 8.67741935483871
201006 13.6
201007 16.06451612903226
201008 19.580645161290324
201009 25.2
201010 23.548387096774192
201011 21.466666666666665
201012 14.419354838709678
201101 18.774193548387096
201102 29.607142857142858
201103 55.83870967741935
201104 54.43333333333333
201105 41.58064516129032
201106 37.0
201107 43.806451612903224
201108 50.58064516129032
201109 78.0
201110 88.03225806451613
201111 96.7
201112 73.0
201201 58.29032258064516
201202 32.93103448275862
201203 64.29032258064517
201204 55.2
201205 69.03225806451613
201206 64.46666666666667
201207 66.54838709677419
201208 63.0
201209 61.4
201210 53.32258064516129
201211 61.766666666666666
201212 40.83870967741935
201301 62.903225806451616
201302 38.107142857142854
201303 57.87096774193548
201304 72.4
201305 78.70967741935483
201306 52.53333333333333
201307 56.96774193548387
