181807 29.975821562696567
181808 29.81872830872831
181809 28.842977791129965
181810 27.34315032391119
181811 25.351243113154045
181812 23.89362506733825
181901 23.973480139802017
181902 23.88945236202424
181903 23.196936929925474
181904 22.55966139681661
181905 22.980398371829903
181906 23.769666815374663
181907 23.40012677938726
181908 23.08012886794198
181909 23.3585450170103
181910 23.353968357971397
181911 23.72565104909612
181912 23.12451909491193
182001 21.665140212924346
182002 21.205575553727336
182003 20.793374210226972
182004 19.613614648800745
182005 18.1217578214176
182006 16.508437561633524
182007 15.706436465142298
182008 14.867059376587578
182009 13.982762313809443
182010 13.608163977012927
182011 12.030066684049336
182012 10.503421800845777
182101 9.378561031825525
182102 7.749210092731938
182103 6.838570497371248
182104 7.2199611756584785
182105 7.48739435975833
182106 6.974056651444141
182107 5.711371839616185
182108 4.6773936650130095
182109 4.97331081060688
182110 5.567095019692814
182111 5.718035879907867
182112 5.868737276521389
182201 6.254213809088438
182202 6.36590857559063
182203 6.069138303778645
182204 5.115737699933102
182205 4.161166385146733
182206 3.966771721666048
182207 3.9560190334940053
182208 3.9188166525416244
182209 3.2349086065646127
182210 2.046536274873316
182211 1.443758497095538
182212 1.1484519836855767
182301 0.6014572518848103
182302 0.20263641700655052
182303 0.11661491163020639
182304 0.10182996539364725
182305 0.08704501915708812
182306 0.9365820561941253
182307 2.68889687100894
182308 3.591674648786718
182309 4.374541028097063
182310 5.273635477582846
182311 5.389863547758284
182312 5.389863547758284
182401 5.429099658869396
182403 6.323598927875243
182404 8.22886208576998
182405 9.278862085769982
182406 9.314278752436648
182407 8.709928497008805
182408 7.813217130469852
182409 8.491457871210592
182410 8.77601805639578
182411 8.65416498622034
182412 9.825794058902046
182501 11.756151201759188
182502 14.057540090648077
182503 14.870011975488381
182504 14.268594971439796
182505 14.357020897365722
182506 15.72850841749455
182507 17.139895134850157
182508 17.7790535913362
182509 18.484463644246254
182510 19.92391690703285
182511 21.473793450242727
182512 23.08047653727064
182601 24.882159624298556
182602 26.36047503648494
182603 27.073833183714054
182604 28.668994966375834
182605 31.286521421402295
182606 34.36316986618575
182607 36.986344650973805
182608 38.90861173171915
182609 41.00492125552867
182610 42.79802090279498
182611 44.70897769291844
182612 46.52084771944363
182701 46.91148118682904
182702 47.074046073740426
182703 48.93979196423604
182704 50.44541365735774
182705 51.03784090603498
182706 50.48637160778937
182707 50.32967887959207
182708 51.7958569647919
182709 52.80500649581643
182710 53.736648189850364
182711 55.73463137418411
182712 58.827663188049264
182801 61.04933399036523
182802 62.49362394216353
182803 63.47393539933818
182804 63.44815192355469
182805 63.753618447771224
182806 64.15209066999344
182807 63.7762573366601
182808 62.74305026595303
182809 62.42391904994681
182810 64.14206578587371
182811 64.65169754406868
182812 62.74146934899854
182901 63.261708182745444
182902 64.83555468669947
182903 64.98341601991028
182904 65.18713675569622
182905 65.73351943480202
182906 66.57700694144741
182907 67.35986493312893
182908 68.68619935578688
182909 70.14284109367863
182910 71.12521841463354
182911 71.54649541349673
182912 71.13060605328268
183001 68.8059681140614
183002 65.72908811134805
183003 64.99761790716953
183004 66.52025935087076
183005 68.22266209686616
183006 69.85766087002285
183007 70.72793030646876
183008 69.61815432536925
183009 69.06970855817347
183010 67.2748664404147
183011 63.940901818815654
183012 61.44537499398776
183101 60.1794823882963
183102 60.41142267502107
183103 59.57927170099509
183104 56.981145054091265
183105 53.819938595916845
183106 50.03034120500367
183107 47.12342589808836
183108 46.65996363571305
183109 45.28986356669995
183110 42.545683672520056
183111 41.53040802821216
183112 41.38648479692333
183201 39.80773503880575
183202 36.585226100302656
183203 33.42564297162192
183204 31.139078526571712
183205 28.87487562802099
183206 27.599712229328176
183207 26.72303367912022
183208 24.212650342649926
183209 20.718234956358113
183210 17.909848248848597
183211 15.72063969505671
183212 13.465634283801295
183301 12.103664586831599
183302 11.68154093091762
183303 11.690670866957666
183304 11.265142849716284
183305 10.347666796076439
183306 9.26438721231311
183307 8.26665055784271
183308 8.134733169675322
183309 7.937740688472313
183310 7.551773339544439
183311 7.326885773406871
183312 7.4419651384862355
183401 7.796267086538183
183402 7.794072729171414
183403 7.720190511054281
183404 8.438693350408414
183405 10.184502737381594
183406 12.231834608726624
183407 13.359532641687814
183408 13.728787692192865
183409 14.64823213663731
183410 17.80698213663731
183411 21.757714459869636
183412 24.26240686713557
183501 27.447509142311375
183502 31.869254781729428
183503 37.88295707560414
183504 44.53636842120299
183505 50.36362536564743
183506 55.05112536564743
183507 60.22475133118515
183508 67.06802015386575
183509 73.80155189989749
183510 80.46301023323083
183511 86.68046329647193
183512 93.32216064075878
183601 99.51053419530881
183602 103.91789263547975
183603 105.7127947819444
183604 107.23118177689388
183605 109.85973291325752
183606 116.09552836780297
183607 125.60226856388142
183608 132.57959026179137
183609 136.9321162080673
183610 138.25468565251174
183611 138.06955582159387
183612 139.46532876845376
183701 142.7699583980834
183702 145.77962274993527
183703 146.91992793999376
183704 146.39838022601182
183705 145.24812770075928
183706 141.48108224621384
183707 136.49812770075928
183708 130.92008768521927
183709 127.39444665957825
183710 127.16909943735601
183711 127.7673633262449
183712 126.20318203969519
183801 121.28595842510316
183802 116.71347165261638
183803 113.46953572584293
183804 111.15667618795838
183805 108.55598174351393
183806 105.24236567208534
183807 101.52264164611131
183808 100.62087396934363
183809 98.73129063601031
183810 93.40395928680397
183811 87.20951935173905
183812 82.05520316354126
183901 79.41543603739255
183902 80.61953501031506
183903 85.26263674376206
183904 87.72598970269927
183905 87.36945561179016
183906 86.33869037008743
183907 84.65132264521971
183908 83.01951047590752
183909 81.98862423252129
183910 81.74543640183344
183911 82.55910884050589
183912 82.94567589998962
184001 81.6875163455076
184002 77.62713502268862
184003 72.12499041484548
184004 68.18794728619051
184005 66.09042435955574
184006 65.07135870299008
184007 62.2757358073672
184008 57.48532575445714
184009 53.490959472590866
184010 50.833597158978556
184011 49.69236840316646
184012 49.922639867812926
184101 48.97872380501099
184102 46.964150775718764
184103 44.63205752175051
184104 41.963589476637715
184105 39.41863333628684
184106 37.360918025282054
184107 36.5879249364995
184108 36.109768370842936
184109 35.45075321932778
184110 34.565231935056495
184111 32.23636573206395
184112 28.992370560817434
184201 26.76540047917665
184202 25.478754578283443
184203 24.194624393951642
184204 23.83773693072837
184205 25.101623277028903
184206 25.07986889106399
184207 23.897811474796047
184208 22.82622056570514
184209 21.492863721400017
184210 20.20845759113182
184211 19.32427454824466
184212 18.750484225664014
184301 18.207518275843224
184302 17.46020644788624
184303 16.249312950702418
184304 14.292860781241835
184305 12.034098206137507
184306 10.93583045922393
184307 10.572209878415848
184308 10.881079827910797
184309 11.568094680873926
184310 12.256826207967523
184311 12.331901467956575
184312 11.653740548416344
184401 11.854358519000945
184402 12.842149185879487
184403 13.462117752756656
184404 14.25352257155395
184405 14.58157862491914
184406 14.60609637183272
184407 15.654431747649717
184408 17.536404044144074
184409 19.978949244042216
184410 22.723765261358228
184411 25.739977783404086
184412 28.3904226535616
184501 29.925774665055854
184502 30.672807026851146
184503 31.96983253220998
184504 33.71219220632405
184505 35.704088659413294
184506 38.4846558277522
184507 40.61479197127843
184508 41.46412117664479
184509 42.62844827111894
184510 43.99903439552085
184511 45.01739789686681
184512 46.93926077164635
184601 49.01685005736064
184602 50.613137450523034
184603 54.77594867311686
184604 58.639484563951804
184605 60.14935894419589
184606 61.26566677585699
184607 62.503467352473365
184608 63.245114082935885
184609 63.902330988837
184610 63.7923329824574
184611 63.41716629972493
184612 64.90558357689221
184701 65.98695262451126
184702 69.8012108662695
184703 75.6199014751775
184704 83.05031520197639
184705 91.50900489495884
184706 96.61718941876836
184707 102.4746028386818
184708 109.28192468350365
184709 113.02273499548266
184710 116.5757069883734
184711 120.28911510803152
184712 123.2224074869489
184801 128.6633874252205
184802 131.9527701412699
184803 129.09513125238098
184804 124.56930747820195
184805 121.55372675957848
184806 122.62175751354674
184807 124.61590913925079
184808 125.36049956226863
184809 125.67279125934448
184810 124.95903238661975
184811 123.86512557658392
184812 120.97202895173325
184901 116.42993790235055
184902 111.17798222163141
184903 108.19832592362836
184904 105.3837115729253
184905 102.19913194444445
184906 98.94618055555556
184907 93.04592293906812
184908 87.98519905273939
184909 85.65431387608807
184910 82.65924219150025
184911 79.43567588325654
184912 78.17877624167947
185001 76.09526369687661
185002 74.22160778289812
185003 73.6550755248336
185004 73.32241423451102
185005 71.45919738863289
185006 68.11479774705582
185007 66.5126472094214
185008 67.07999551971325
185009 66.99815028161801
185010 66.76342805939579
185011 67.32306067588326
185012 67.0826932923707
185101 66.67297107014849
185102 66.37189580133129
185103 65.43332053251409
185104 64.31598182283666
185105 63.80142089093701
185106 64.07583845366104
185107 64.21159114183308
185108 62.290513158359374
185109 60.5253491533803
185110 60.753709368434066
185111 60.80196205660611
185112 59.800214744778145
185201 59.36835990606847
185202 58.87776850821901
185203 56.871809726857
185204 55.805367074527254
185205 56.144479977753065
185206 55.19730255839823
185207 52.97418427882834
185208 50.854267638646114
185209 48.892953149001535
185210 47.171447772657444
185211 45.588383256528424
185212 44.460874295954945
185301 44.33470942140298
185302 44.943580389144905
185303 45.22861623143882
185304 44.02440476190477
185305 41.9215821812596
185306 39.945103686635946
185307 37.96123271889401
185308 35.93895929339478
185309 34.27824500768049
185310 32.6893561187916
185311 31.36256400409626
185312 30.127438556067588
185401 28.20548515104966
185402 25.62752816180235
185403 23.718746799795184
185404 22.016954685099847
185405 20.754051459293397
185406 20.653782642089094
185407 20.44948156682028
185408 19.95884216589862
185409 19.46013824884793
185410 18.403597030209934
185411 16.863184843830005
185412 15.583883768561186
185501 14.160765488991295
185502 12.86909882232463
185503 11.40888376856119
185504 10.350550435227856
185505 9.225550435227854
185506 7.452700972862264
185507 6.189260112647209
185508 5.430914199198404
185509 4.454826350265727
185510 3.835381905821283
185511 3.545238536645656
185512 3.162039611914473
185601 3.335292300086516
185602 3.629647138796193
185603 3.9313048448893837
185604 3.9023173896922514
185605 3.8372188233840077
185606 4.1578729452478065
185607 4.8783030527746885
185608 5.530754188957748
185609 5.8350870455709165
185610 6.225633640552996
185611 7.605427547363031
185612 9.247721454173066
185701 10.433026113671273
185702 11.621198156682027
185703 13.660176651305683
185704 16.74619815668203
185705 19.233608550947263
185706 21.468330773169484
185707 23.77478238607271
185708 25.975579237071173
185709 29.29734383000512
185710 32.60809651817717
185711 34.27772017409115
185712 35.99873271889401
185801 38.62028289810548
185802 41.65657322068613
185803 44.82686891961086
185804 48.50657322068613
185805 51.472388632872516
185806 53.56589221710189
185807 56.662666410650274
185808 60.719310035842284
185809 64.28401817716333
185810 67.6286866359447
185811 71.67093573988735
185812 75.51179595494112
185901 78.89029057859703
185902 82.64297875064004
185903 85.8602278545827
185904 87.90274577572966
185905 90.76193036354327
185906 93.23670634920636
185907 93.7743407578085
185908 93.7526582666808
185909 94.14226609813373
185910 93.90252595476456
185911 93.9746137683846
185912 95.54114602644911
186001 97.33617290816954
186002 97.96117290816956
186003 97.12309047089359
186004 95.53769620566061
186005 94.54813527376096
186006 95.18760659992584
186007 94.95642380422692
186008 93.67477488214416
186009 93.32054531490017
186010 94.53981054787506
186011 93.57359190988223
186012 90.62542882744494
186101 88.16113671274961
186102 85.8103302611367
186103 84.55992703533026
186104 83.09581413210445
186105 80.2997567844342
186106 77.82359190988221
186107 77.22547363031234
186108 76.70699244751664
186109 73.76109190988224
186110 69.50060803891449
186111 67.9524897593446
186112 68.10020481310805
186201 67.73716717869944
186202 66.70894137224782
186203 65.31597542242703
186204 63.70526753712236
186205 62.522337429595495
186206 60.74397721454173
186207 58.47650409626217
186208 57.53381976446493
186209 58.15968381976447
186210 58.56550819252433
186211 57.57751536098311
186212 55.333966973886334
186301 51.83907450076805
186302 49.54471966205838
186303 47.086923963133636
186304 45.142569124423964
186305 44.520436507936495
186306 43.996422171018935
186307 44.40368023553506
186308 44.401314842770624
186309 44.00109998764059
186310 43.79841181559758
186311 43.048680632801876
186312 43.207282783339515
186401 44.830938697318004
186402 46.02448708441478
186403 46.57493511308861
186404 46.59715733531083
186405 47.174935113088615
186406 47.4785193424793
186407 46.577981708070695
186408 45.874461924183834
186409 44.4276625704045
186410 43.04137224782386
186411 42.52201740911418
186412 41.258218125960056
186501 39.083128520225294
186502 37.2108166922683
186503 36.214983358934965
186504 35.229902713773676
186505 33.15732206861239
186506 31.12506400409626
186507 29.754096262160783
186508 29.003184203789043
186509 28.34501408090118
186510 27.23099078341014
186511 25.83874167946749
186512 24.22982590885817
186601 22.790264976958525
186602 21.01741551459293
186603 19.379960317460316
186604 18.657827700972863
186605 17.88291730670763
186606 16.765264976958527
186607 14.97897465437788
186608 12.093173963133642
186609 9.883448540706604
186610 8.722830261136712
186611 7.783986175115206
186612 6.738197644649257
186701 5.931656426011265
186702 5.420903737839222
186703 5.193081157194061
186704 5.271710189452126
186705 5.268394777265745
186706 6.278520225294418
186707 7.914272913466462
186708 9.18753288486325
186709 10.532029415399828
186710 12.565004325794092
186711 14.86948461253244
186712 17.09340934371524
186801 19.32674267704857
186802 21.560613644790507
186803 24.350040168087997
186804 27.91231615375108
186805 31.9829254727475
186806 35.81294339389446
186807 39.470201458410585
186808 43.20020569592316
186809 46.13316692268305
186810 47.40919738863288
186811 50.8102278545827
186812 57.25014720942139
186901 61.73173323092678
186902 64.87689452124935
186903 68.15574756784434
186904 69.4547619047619
186905 70.1496095750128
186906 72.4708013312852
186907 74.68182283666155
186908 77.65657322068613
186909 84.31949564772147
186910 93.64471966205838
186911 101.60569636456734
186912 105.74583973374295
187001 109.93033794162825
187002 116.07012288786484
187003 121.46707629288277
187004 127.40032002048132
187005 133.92245263696876
187006 137.88410138248847
187007 139.4123271889401
187008 140.30489631336405
187009 140.13832565284176
187010 139.64298515104966
187011 138.47156938044034
187012 135.36543138760882
187101 132.30768049155148
187102 129.2619815668203
187103 125.1212557603687
187104 120.41063748079877
187105 116.26529697900664
187106 112.86054787506401
187107 110.84441884280595
187108 110.26155560852447
187109 107.76336979359782
187110 102.9686117290817
187111 98.87815473983439
187112 98.05991997280928
187201 98.92448090470894
187202 98.3115776789025
187203 99.02300241008528
187204 101.0180292918057
187205 101.85750061797057
187206 101.8596063527376
187207 101.8864880731677
187208 101.63889815844765
187209 101.50421146953407
187210 100.83355734767025
187211 97.26370967741936
187212 92.06330645161289
187301 87.74193548387096
187302 85.1034946236559
187303 81.26420250896057
187304 76.1413082437276
187305 71.4711917562724
187306 67.66801075268818
187307 65.14247311827957
187308 62.27894585253457
187309 58.333429339477725
187310 54.33325012800819
187311 52.35995263696876
187312 51.94915514592933
187401 51.71308883768561
187402 51.464432923707115
187403 50.37823220686124
187404 49.04875192012289
187405 47.41232718894009
187406 45.478859447004616
187407 42.72751536098311
187408 39.025710445468505
187409 36.719066820276495
187410 36.068573988735274
187411 34.563242447516636
187412 32.585688684075784
187501 29.683403737839225
187502 25.433403737839228
187503 22.421799795186896
187504 20.45455069124424
187505 19.090079365079372
187506 17.818349974398362
187507 16.998457501280082
187508 16.717108184578986
187509 16.316135211963907
187510 15.069181806945991
187511 13.687819799777534
187512 12.493957792609073
187601 11.68181621554814
187602 11.55412804350513
187603 11.62608144852305
187604 12.003142380422693
187605 11.739925534544556
187606 11.340956000494378
187607 11.689074280064268
187608 11.8449435660434
187609 10.803232206861239
187610 10.587461597542243
187611 11.839432923707117
187612 13.052515360983103
187701 13.191673067076293
187702 12.705113927291345
187703 12.893285970302097
187704 12.870436507936509
187705 12.736475934459806
187706 12.667031490015361
187707 11.537999231950844
187708 10.572657450076806
187709 10.315649001536098
187710 9.490783410138247
187711 8.180702764976958
187712 7.202566564260113
187801 6.6343766001024065
187802 6.124967997951868
187803 5.376804915514593
187804 4.65955581157194
187805 4.0034178187404
187806 3.51260240655402
187807 3.348623911930364
187808 3.000361623143881
187809 2.4222606246799794
187810 2.3512032770097284
187811 2.460253456221198
187812 2.2443036354326678
187901 2.4839989759344596
187902 3.2407194060419866
187903 3.72163338453661
187904 4.218676395289298
187905 5.058774961597542
187906 5.716077828981056
187907 6.956669226830518
187908 9.02472103042181
187909 10.936858855518478
187910 12.292011185267581
187911 13.723776418242492
187912 15.827763873439627
188001 17.64814917809912
188002 19.80271907057224
188003 23.85912588060808
188004 27.638650970213813
188005 29.65150939315289
188006 31.314905450500557
188007 32.75979792361884
188008 34.356828685311726
188009 36.78047235023042
188010 39.46080389144905
188011 41.63575908858167
188012 43.569047619047616
188101 46.9606694828469
188102 49.67975550435228
188103 49.56971966205837
188104 49.92339349718382
188105 51.82012288786482
188106 53.56228238607272
188107 54.6590565796211
188108 55.70216333845366
188109 57.02483998975935
188110 59.5048579109063
188111 62.20127368151562
188112 62.422689452124935
188201 60.47475038402458
188202 58.41561059907834
188203 57.85579877112135
188204 57.828245007680486
188205 58.843746799795184
188206 59.84715181771634
188207 60.26919482846903
188208 59.976424091141844
188209 58.031771633384544
188210 56.458250128008196
188211 54.527201740911416
188212 54.46282002048131
188301 57.22505120327701
188302 58.923975934459804
188303 58.94678059395801
188304 59.761251920122895
188305 60.78961213517665
188306 62.21447772657451
188307 64.92415514592933
188308 67.87702937125907
188309 71.40382832777159
188310 73.01812044246692
188311 74.22918675071067
188312 74.64164194784328
188401 72.44791434927699
188402 71.71001112347052
188403 72.50472438511927
188404 71.39217958225188
188405 67.89907922382893
188406 64.70571004820171
188407 61.475871338524264
188408 58.81826401027596
188409 56.620334101382475
188410 54.17131976446492
188411 53.56370327700973
188412 55.18803123399898
188501 57.10133768561189
188502 57.41988607270866
188503 56.25012800819252
188504 54.94192908346134
188505 54.32678571428571
188506 53.03153481822836
188507 51.434760624679974
188508 48.98492383512544
188509 47.385893497183815
188510 47.228232206861236
188511 44.996646185355864
188512 40.87894905273938
188601 37.011251920122895
188602 34.11877880184332
188603 31.97872503840246
188604 29.966359447004606
188605 27.437327188940092
188606 25.79807987711213
188607 24.615284178187398
188608 23.26548579109063
188609 20.523214285714285
188610 16.77885944700461
188611 14.79928955453149
188612 13.876664106502814
188701 13.112640809011774
188702 13.014522529441884
188703 12.622094214029696
188704 11.955472350230416
188705 12.1430171530978
188706 12.736475934459806
188707 13.159863031234002
188708 13.007446655896324
188709 12.903417377332838
188710 12.977566122852553
188711 12.359510567296995
188712 11.459510567296995
188801 10.25574712643678
188802 8.63343529847979
188803 7.912109133605241
188804 7.779492646150043
188805 7.752431714250402
188806 7.328865406006674
188807 6.24822024471635
188808 5.813367034800572
188809 5.826094470046083
188810 5.745762928827445
188811 5.520270097286226
188812 5.298943932411675
188901 5.535951100870456
188902 6.542671530977984
188903 7.190162570404507
188904 7.095718125960062
188905 6.655440348182284
188906 6.217850742447517
188907 6.407366871479776
188908 6.265325780849975
188909 5.870596518177163
188910 5.690847414234511
188911 5.6764208909370195
188912 5.563383256528418
189001 5.442281105990783
189002 5.030990783410139
189003 4.9741359447004605
189004 5.800345622119816
189005 6.572388632872503
189006 7.0097542242703526
189007 7.398195084485407
189008 8.638258448540705
189009 9.754665898617512
189010 10.762640809011776
189011 13.066314644137224
189012 16.536655145929338
189101 20.457264464925753
189102 23.442479518689197
189103 25.989029697900666
189104 29.19687019969278
189105 32.22554403481823
189106 34.60233614951357
189107 37.94776625704045
189108 42.49038139820258
189109 46.36632987269806
189110 50.05996786552961
189111 53.70790693362997
189112 56.48084600173032
189201 58.38953775800272
189202 61.97959152144358
189203 65.2040090841676
189204 66.36659868990235
189205 68.13335496230378
189206 71.03183166481274
189207 73.19984241750092
189208 73.33647074792096
189209 73.88438940092165
189210 75.31243599590373
189211 76.29559011776753
189212 77.07457757296466
189301 78.14523169482847
189302 79.80786610343061
189303 81.5942908346134
189304 82.61861879160266
189305 83.4179467485919
189306 84.45517793138761
189307 85.4282962109575
189308 86.2534690220174
189309 86.17676011264722
189310 85.34548771121352
189311 85.76287122375832
189312 86.82331029185868
189401 87.9213837685612
189402 86.19020097286227
189403 83.23594470046082
189404 82.54916154633896
189405 81.59154505888377
189406 79.41349846390169
189407 77.17425115207372
189408 75.61741551459293
189409 75.25412826420892
189410 75.42258704557092
189411 73.82088453661034
189412 71.27195980542756
189501 67.7055619559652
189502 65.22572324628779
189503 64.82756016385049
189504 64.16998847926267
189505 63.46241679467487
189506 63.51290962621607
189507 62.52903865847413
189508 60.694753540088634
189509 59.91288777654183
189510 58.155943332097394
189511 55.116740823136816
189512 52.52337164750958
189601 51.47032505252749
189602 49.61548634285007
189603 48.02897200593252
189604 46.54729637869238
189605 44.5322874181189
189606 42.97964404894327
189607 42.292816091954016
189608 41.607659966099895
189609 39.48701996927803
189610 38.00346262160778
189611 37.15162570404505
189612 35.26089989759345
189701 32.965604198668714
189702 32.01667946748592
189703 31.24221710189452
189704 30.092754736303117
189705 28.2585701484895
189706 26.635407066052228
189707 25.81282642089094
189708 25.671841397849462
189709 26.346716589861753
189710 26.04232590885817
189711 25.599494367639533
189712 26.299718381976447
189801 25.981125192012286
189802 25.60478110599078
189803 25.449807987711214
189804 25.730318740399383
189805 27.505273937532
189806 27.58533666154634
189807 26.27754096262161
189808 24.696031746031746
189809 22.722049411162317
189810 21.86671786994368
189811 21.09471966205837
189812 20.262999231950843
189901 20.3761712749616
189902 19.377515360983104
189903 17.087909626216078
189904 15.095346902201742
189905 13.241673067076293
189906 12.190418586789555
189907 11.682354070660523
189908 11.447667050691244
189909 11.235829493087559
189910 10.914368919610853
189911 11.30258576548899
189912 11.265802611367127
190001 10.699449564772145
190002 10.536815156169995
190003 10.589144905273939
190004 10.583678955453149
190005 10.443490783410137
190006 9.879915514592934
190007 9.073463901689708
190008 8.224337557603688
190009 7.583544546850998
190010 6.744834869431643
190011 5.871178955453149
190012 5.401689708141322
190101 4.820641321044547
190102 4.36634024577573
190103 3.9083653353814642
190104 3.2030785970302103
190105 2.7922363031233997
190106 2.752361751152074
190107 2.9620391705069125
190108 3.0841109831029185
190109 3.3163978494623656
190110 3.6483870967741936
190111 3.340591397849462
190112 2.8508512544802866
190201 2.6783154121863793
190202 2.740143369175627
190203 3.0856182795698923
190204 3.9015232974910394
190205 4.693817204301076
190206 5.007616487455198
190207 5.164874551971327
190208 5.9875992063492065
190209 6.741775473630312
190210 7.872241423451101
190211 9.448943932411673
190212 10.55897977470558
190301 12.30208013312852
190302 14.533262928827446
190303 15.788012032770098
190304 16.87609447004608
190305 19.241954685099845
190306 22.524481566820274
190307 25.35378264208909
190308 26.63728713120398
190309 27.936920652576934
190310 29.628990545050055
190311 31.369447534297365
190312 33.47101563465579
190401 35.482529971573356
190402 37.65322889630454
190403 39.667969039673714
190404 41.096687677666544
190405 41.464295204548264
190406 41.568461871214936
190407 42.909859720677304
190408 46.4276225126684
190409 49.78543906810037
190410 50.439112903225805
190411 50.64117383512544
190412 51.293234767025076
190501 52.52459677419355
190502 53.484274193548394
190503 54.547311827956996
190504 56.606317204301085
190505 60.51254480286739
190506 63.43490143369177
190507 63.08678315412186
190508 60.43317332309267
190509 58.494617255504345
190510 59.49058499743983
190511 60.56450972862263
190512 61.56343445980543
190601 63.430638760880704
190602 64.24381080389145
190603 63.825889656938045
190604 61.33404377880185
190605 55.95053123399899
190606 53.48637352790579
190607 55.15572836661547
190608 59.64439964157706
190609 62.68952252944188
190610 62.41976446492575
190611 61.68898489503328
190612 60.119316436251914
190701 56.92195980542755
190702 54.947497439836155
190703 56.4245583717358
190704 59.61129672299028
190705 62.534146185355866
190706 62.75000640040963
190707 60.47446876600103
190708 55.83109021046314
190709 51.4041095043876
190710 50.279109504387584
190711 50.40007724632307
190712 50.63493387714744
190801 50.52973674453096
190802 51.614414163885804
190803 53.207066493634905
190804 51.909933877147445
190805 49.86696792732667
190806 48.87776541836609
190807 49.28502348288222
190808 50.54437746084715
190809 52.63840885816692
190810 53.14871351766513
190811 51.891545058883764
190812 50.62882104454685
190901 49.41448412698413
190902 46.45211853558627
190903 41.63742319508447
190904 40.71788914490527
190905 42.2302995391705
190906 43.265559395801326
190907 42.61098950332821
190908 40.716596262160785
190909 38.21602022529442
190910 35.351952124936
190911 33.78358294930876
190912 32.77771377368152
191001 31.443887608806957
191002 30.05947900665642
191003 29.05334101382488
191004 27.69370839733743
191005 24.739631336405534
191006 20.605446748591913
191007 17.628296210957505
191008 15.732750896057347
191009 14.232366871479774
191010 14.004006656426009
191011 13.793119559651819
191012 12.826676907322069
191101 11.96776113671275
191102 11.21238479262673
191103 9.972868663594472
191104 7.561309523809523
191105 6.042805939580133
191106 5.863012032770097
191107 5.586130312339989
191108 5.080609959037378
191109 4.5844982078853045
191110 3.964874551971326
191111 3.271326164874552
191112 3.156944444444445
191201 3.211917562724014
191202 3.033154121863799
191203 3.107750896057348
191204 3.4175627240143367
191205 3.3718189964157705
191206 3.418817204301075
191207 3.6755376344086024
191208 3.8794066820276494
191209 3.813114439324117
191210 3.477675371223759
191211 3.146268561187916
191212 2.7912506400409627
191301 2.567953149001536
191302 2.514189708141321
191303 2.162890424987199
191304 1.752451356886841
191305 1.672567844342038
191306 1.5456413210445465
191307 1.4596198156682025
191308 1.4720526113671273
191309 1.573195084485407
191310 2.3680875576036864
191311 3.269162826420891
191312 3.9632936507936503
191401 4.592908346134152
191402 5.057962109575013
191403 5.848956733230925
191404 6.540488991295443
191405 7.407021249359958
191406 8.834037378392217
191407 10.44962877624168
191408 12.942668330773168
191409 16.08086917562724
191410 18.5673835125448
191411 20.724596774193547
191412 24.27208781362007
191501 29.41904121863799
191502 34.756406810035834
191503 38.86904121863799
191504 42.29081541218638
191505 45.26814516129033
191506 46.86375448028674
191507 48.297894265232976
191508 49.77524178099122
191509 51.49855703868496
191510 53.944166357681375
191511 56.94219503151651
191512 58.62494592757386
191601 57.82920219997529
191602 55.641030156964526
191603 54.022212952663445
191604 53.721944135459154
191605 54.567508651588184
191606 56.300169941910774
191607 58.29479359782476
191608 60.20444685011565
191609 62.0495839733743
191610 63.33036354326677
191611 65.10442268305171
191612 68.72292626728111
191701 73.45030081925243
191702 81.18685995903739
191703 89.67382232462877
191704 94.08148361495137
191705 96.25997823860729
191706 100.72476318484384
191707 104.79599974398361
191708 105.40899897593447
191709 104.19000896057348
191710 103.4866935483871
191711 102.16644265232975
191712 98.29341397849463
191801 95.47146057347669
191802 92.76312724014338
191803 88.50313620071684
191804 86.97701612903226
191805 86.96756272401434
191806 83.50112007168458
191807 78.58176523297492
191808 77.17954749103941
191809 77.53405017921146
191810 76.09896953405017
191811 75.37894265232974
191812 78.01308243727598
191901 78.38243727598567
191902 75.23055555555555
191903 72.81765232974911
191904 70.42491039426524
191905 67.35577956989248
191906 64.61729390681003
191907 63.73019713261649
191908 62.7883867877889
191909 61.87480224941293
191910 60.48775027808676
191911 56.661182177728335
191912 51.356836299592125
192001 46.78636138919788
192002 43.155985045111855
192003 40.30997250030898
192004 39.41019651464591
192005 38.6631983067606
192006 37.8422753676925
192007 36.82076999134841
192008 34.93630345445556
192009 32.05586917562724
192010 30.97598566308244
192011 31.24690860215054
192012 30.57755376344086
192101 30.97002688172043
192102 31.72271505376344
192103 31.105152329749107
192104 29.025224014336917
192105 27.32168458781362
192106 26.52809139784946
192107 25.30631720430107
192108 24.40621159754224
192109 25.495353302611363
192110 25.77308627752176
192111 24.290066564260112
192112 22.53482462877624
192201 20.08200204813108
192202 18.114260112647212
192203 16.888229646697393
192204 15.840962621607785
192205 14.908973374295956
192206 14.356016385048646
192207 13.931285202252942
192208 12.59046338965694
192209 9.410931899641577
192210 7.064336917562724
192211 6.662634408602152
192212 6.601209677419355
192301 6.432258064516129
192302 5.873118279569893
192303 5.977374551971326
192304 6.561469534050179
192305 6.89834229390681
192306 6.396505376344085
192307 5.616935483870968
192308 5.597631627734521
192309 5.6858546533185015
192310 5.842037449017426
192311 6.791230997404523
192312 8.143202323569398
192401 9.786840316400939
192402 11.595980101347175
192403 12.876759671239649
192404 13.954582251884808
192405 15.05740483252997
192406 16.149474725003092
192407 16.929044617476208
192408 17.893432959019723
192409 19.324219150025602
192410 20.8489503328213
192411 22.618305171530977
192412 24.51543778801843
192501 25.926011264720938
192502 27.13300051203277
192503 29.369694060419864
192504 32.64939836149514
192505 35.96938044034818
192506 40.89420122887865
192507 47.07968509984639
192508 51.78657834101383
192509 55.58486943164362
192510 57.72304147465437
192511 58.89884792626728
192512 60.874654377880184
192601 62.53191244239631
192602 64.09239631336405
192603 65.103955453149
192604 65.22438556067588
192605 65.40176011264721
192606 64.68397337429596
192607 64.29150025601639
192608 65.66304403481823
192609 66.92302867383512
192610 69.51039426523297
192611 72.42168458781362
192612 72.44269713261649
192701 71.95430107526882
192702 71.74059139784946
192703 71.73333333333333
192704 71.6991935483871
192705 71.62755376344087
192706 70.48064516129033
192707 69.13521505376346
192708 68.40407860585837
192709 68.2522432332221
192710 68.37191169200348
192711 67.74158015078484
192712 68.99874860956618
192801 72.1416697565196
192802 75.18871276727229
192803 77.32755685329379
192804 78.1451643801755
192805 77.37110524039055
192806 77.2435514769497
192807 77.21129341243358
192808 76.15527548245846
192809 74.24038658474143
192810 71.61570020481311
192811 69.67784178187404
192812 68.08442780337943
192901 66.1133256528418
192902 64.20203533026114
192903 61.14379160266257
192904 58.53044034818228
192905 59.504589093702
192906 62.82551203277009
192907 64.71529697900665
192908 64.02890104966718
192909 62.85863415258577
192910 61.618625192012296
192911 60.119207629288276
192912 57.42812339989759
193001 53.61607142857142
193002 49.90101766513056
193003 48.10496031746032
193004 47.1919674859191
193005 44.47897465437788
193006 39.161143113159234
193007 33.6261968766001
193008 31.233387736815157
193009 30.74380440348182
193010 30.24241551459293
193011 29.43995135688684
193012 28.369431643625187
193101 27.62149257552483
193102 26.9373527905786
193103 25.892818740399388
193104 24.328123399897596
193105 22.606483614951355
193106 21.56898361495136
193107 21.128123399897593
193108 19.664069424581104
193109 17.523940180447408
193110 15.908393585465332
193111 14.796879248547768
193112 14.80342046718576
193201 14.765606847114077
193202 14.183617599802249
193203 13.299164194784332
193204 12.627076381164258
193205 12.141099678655296
193206 11.418563836361388
193207 11.144370287974295
193208 11.635449992937481
193209 12.071422171018945
193210 11.678545826932924
193211 10.721153353814643
193212 9.402649769585253
193301 8.412103174603175
193302 7.854307475678443
193303 7.627336149513568
193304 7.429934715821812
193305 6.870033282130056
193306 6.105830773169482
193307 5.288626472094214
193308 4.320644521249361
193309 3.4776625704045063
193310 3.581605222734255
193311 4.618343573988736
193312 5.370359703020992
193401 5.700332821300563
193402 6.305171530977982
193403 6.5967037890424995
193404 6.665117767537122
193405 7.115476190476191
193406 8.083307731694829
193407 9.349436763952895
193408 10.51211917562724
193409 11.82533922171019
193410 12.64778545826933
193411 13.001145673323093
193412 14.942005888376855
193501 17.595231694828467
193502 19.53205965181772
193503 22.028161802355353
193504 25.592812339989763
193505 29.88385176651306
193506 34.117095494111624
193507 37.87650409626216
193508 41.95870687448135
193509 46.44951180323816
193510 51.31066771721667
193511 55.058920405388704
193512 57.207173093560755
193601 58.983113953775806
193602 62.11617846990484
193603 65.8996910147077
193604 68.80417130144605
193605 72.42670714373996
193606 77.13929674947472
193607 82.62451180323816
193608 87.78693268093296
193609 90.32838581669226
193610 92.04532130056323
193611 96.06602022529442
193612 101.16588581669227
193701 107.54666538658476
193702 113.52784818228365
193703 116.66852918586788
193704 119.19361879160266
193705 118.98259728622632
193706 115.83071556579621
193707 112.96646825396824
193708 111.15886456733232
193709 110.88217485919098
193710 110.64933435739887
193711 110.75251536098308
193712 109.83347414234511
193801 109.3095942140297
193802 109.23298131080388
193803 107.85385944700461
193804 106.31882360471072
193805 107.23795442908347
193806 109.39633256528417
193807 108.80762288786481
193808 106.31251920122885
193809 103.66015745007678
193810 103.08636712749616
193811 103.04617895545317
193812 102.81432411674348
193901 100.14026497695852
193902 96.90773809523809
193903 97.45204813108039
193904 97.95065924219149
193905 95.23954813108037
193906 90.87655529953918
193907 87.52171658986174
193908 85.52940204724827
193909 85.55993696700038
193910 84.32149610678532
193911 79.6395068594735
193912 76.25890650105056
194001 74.28959646520826
194002 73.0248115189717
194003 71.09183660857742
194004 67.78789395624769
194005 66.0006179705846
194006 66.68511617846991
194007 67.57490112470647
194008 66.75327557515405
194009 64.59428443420379
194010 61.89137224782385
194011 59.68846006144393
194012 57.64665898617511
194101 56.61695468509984
194102 54.696255760368665
194103 52.776094470046075
194104 52.38953533026114
194105 51.196031746031736
194106 48.924571172555034
194107 47.06838837685612
194108 46.99398361495136
194109 47.66151433691757
194110 49.15206093189963
194111 50.13319892473118
194112 47.93239247311828
194201 43.86733870967742
194202 40.160349462365595
194203 36.475358422939074
194204 33.32128136200717
194205 31.87137096774194
194206 31.084094982078856
194207 29.65264336917563
194208 27.69070980542755
194209 25.578238607270862
194210 23.019636456733227
194211 21.123668714797745
194212 20.512423195084484
194301 20.167306707629287
194302 19.944188428059395
194303 19.609242191500254
194304 18.832091653865845
194305 17.499385560675883
194306 16.489260112647205
194307 15.969098822324627
194308 14.42124141462295
194309 12.553491533802992
194310 10.790229885057471
194311 9.225892967494747
194312 8.631000494376467
194401 8.181269311580769
194402 7.728312322333456
194403 7.794530960326289
194404 8.351340996168583
194405 8.758151032010877
194406 9.183778272154244
194407 10.201251390433816
194408 11.330522008580962
194409 12.281029185867895
194410 14.045500512032769
194411 16.54115463389657
194412 19.01180875576037
194501 21.876280081925245
194502 23.82520481310804
194503 25.0666026625704
194504 28.087570404505882
194505 31.714093701996926
194506 33.13766001024066
194507 34.30835893497184
194508 38.58188044034819
194509 43.94007936507938
194510 48.05383384536611
194511 52.13667434715822
194512 55.95840373783923
194601 60.58255248335894
194602 67.03819764464926
194603 72.90580517153099
194604 76.78282130056324
194605 81.4223374295955
194606 88.59411162314389
194607 95.36024065540194
194608 100.16054787506401
194609 104.33988735279058
194610 109.64521889400923
194611 117.58361495135688
194612 126.19839989759343
194701 131.70162570404506
194702 136.83603430619561
194703 143.3588837685612
194704 149.03764720942144
194705 151.7664106502816
194706 151.72232462877625
194707 151.2021633384537
194708 148.93218412874978
194709 145.50494685452972
194710 145.7077246323075
194711 146.23308305524657
194712 145.25705258929676
194801 144.76354900506735
194802 142.82537696205662
194803 140.45293072549748
194804 138.2256457792609
194805 135.7441941663577
194806 135.29768879001358
194807 136.63774255345444
194808 141.09022944364992
194809 147.70803891449052
194810 148.5376984126984
194811 143.92918586789554
194812 139.18178443420382
194901 136.57820020481313
194902 134.47201740911422
194903 133.13330773169483
194904 133.02174859190987
194905 134.81713389656935
194906 135.95794930875576
194907 134.37864823348693
194908 130.00446428571425
194909 124.37221582181257
194910 120.98709037378393
194911 119.59255632360471
194912 118.00774449564773
195001 114.96997567844342
195002 111.91083589349718
195003 106.38668714797747
195004 99.5453341013825
195005 92.92203661034306
195006 86.57965309779826
195007 82.19793266769075
195008 79.00750448028674
195009 75.31169994879671
195010 72.21559779825908
195011 71.4568612391193
195012 72.25923579109063
195101 71.73634152585765
195102 69.49709421402969
195103 69.8099078341014
195104 70.72487199180749
195105 70.21761392729135
195106 69.77083973374296
195107 68.62164618535587
195108 66.26616853823472
195109 63.30047583735014
195110 59.22950809541465
195111 53.02413175132863
195112 46.80486651835372
195201 43.209257199357296
195202 42.0331819305401
195203 39.49577153627487
195204 36.05513533555803
195205 33.6367213570634
195206 31.89572673340749
195207 30.825834260289213
195208 29.454161369775942
195209 28.17254224270354
195210 27.614253712237588
195211 27.103008192524324
195212 26.040373783922174
195301 24.15247055811572
195302 21.56510496671787
195303 19.88369815668203
195304 18.858205325140812
195305 17.353545826932926
195306 15.178187403993855
195307 12.761520737327189
195308 11.524577572964668
195309 11.419354838709678
195310 10.373655913978494
195311 8.80241935483871
195312 7.4145161290322585
195401 6.354569892473119
195402 5.565591397849462
195403 4.194892473118279
195404 3.4021505376344088
195405 3.6663530465949825
195406 4.192652329749104
195407 5.357974910394265
195408 7.1560259856630815
195409 7.7497759856630815
195410 7.8969982078853045
195411 9.46760752688172
195412 11.952105734767024
195501 14.175851254480285
195502 16.435259856630825
195503 19.500089605734768
195504 23.363306451612903
195505 28.841801075268815
195506 35.06088709677419
195507 40.04879032258064
195508 46.45446097515759
195509 55.48781979977753
195510 64.3607140650105
195511 72.9889846743295
195512 81.01169972809294
195601 88.81532876035101
195602 98.45242553454455
195603 109.26228216536894
195604 118.73746137683848
195605 127.44458503275246
195606 136.9178377209245
195607 145.52805277468792
195608 149.59482835867013
195609 151.4774641577061
195610 155.7886200716846
195611 159.64547491039428
195612 164.32038530465954
195701 170.24798387096774
195702 172.184811827957
195703 174.30793010752691
195704 181.01975806451617
195705 185.52186379928318
195706 187.89090501792114
195707 191.42316308243724
195708 194.429931515617
195709 197.26465693804403
195710 199.52110855094725
195711 200.83266769073222
195712 200.06089349718386
195801 199.01895801331287
195802 200.9517537122376
195803 201.2681515616999
195804 196.81304403481818
195805 191.3593253968254
195806 186.76178955453153
195807 185.22549923195083
195808 184.93575268817207
195809 183.8140168970814
195810 182.24049539170505
195811 180.74089861751153
195812 180.48574628776245
195901 178.62709933435738
195902 176.86097030209933
195903 174.49932155657962
195904 169.2438556067588
195905 165.14672299027137
195906 161.3600742447517
195907 155.7901817716334
195908 151.283080627505
195909 146.25850636509702
195910 141.0577895192189
195911 137.15142751205042
195912 132.53117661599308
196001 128.9337751823013
196002 125.04399023606476
196003 121.56688450129771
196004 119.62606908911135
196005 116.99914256581384
196006 113.92194722531207
196007 108.59802249412927
196008 102.42247194854953
196009 97.87998591909884
196010 93.30520993343576
196011 87.91995007680492
196012 83.69163466461853
196101 80.17434075780851
196102 74.76573860727088
196103 68.85498591909882
196104 64.3246095750128
196105 60.06923323092678
196106 55.79100742447517
196107 53.085362263184834
196108 52.45853814644136
196109 52.32633768561188
196110 51.39354198668715
196111 50.46612263184844
196112 48.69009216589862
196201 45.200352022529444
196202 41.767556323604715
196203 39.83977854582693
196204 39.405280337941626
196205 39.24578213005632
196206 38.31209037378392
196207 36.82821940604198
196208 34.9600838453661
196209 32.6873783922171
196210 30.784018177163336
196211 30.041948284690218
196212 29.759600614439318
196301 29.416769073220692
196302 29.80117767537122
196303 29.75480670762929
196304 29.057898105478746
196305 28.733211725550436
196306 28.23782642089094
196307 27.7028801843318
196308 27.23545937284814
196309 26.93336114200964
196310 26.04801167964405
196311 23.786318131256948
196312 21.27045791620319
196401 19.46561920652577
196402 17.781479421579533
196403 15.361900568532937
196404 12.720547521937954
196405 10.836138919787418
196406 10.180224941292794
196407 10.282375478927202
196408 10.231891144481523
196409 9.89108422939068
196410 9.618548387096773
196411 10.155152329749104
196412 11.048700716845879
196501 11.696281362007168
196502 12.043055555555554
196503 12.52974910394265
196504 13.619937275985663
196505 14.557347670250897
196506 14.985349462365592
196507 15.506854838709678
196508 16.3758544546851
196509 17.3644777265745
196510 19.673438300051203
196511 22.299603174603174
196512 24.50354582693292
196601 27.69404761904762
196602 31.32442396313364
196603 34.47818740399385
196604 37.4155529953917
196605 40.684863031233995
196606 44.63428059395801
196607 50.30766769073221
196608 56.639176907322074
196609 63.12928827444956
196610 67.60491551459295
196611 70.19344598054276
196612 72.7291986687148
196701 74.99479006656425
196702 78.77570404505887
196703 82.21602662570403
196704 84.61602662570404
196705 87.45491551459293
196706 91.33412698412697
196707 94.12041730670762
196708 95.33528898952981
196709 95.2759671239649
196710 94.94079687306885
196711 97.11906748238785
196712 100.60428253615127
196801 102.58949758991473
196802 102.87309974045236
196803 104.64926461500433
196804 107.14854776912618
196805 107.61449758991472
196806 106.57775923866024
196807 105.16243665801507
196808 104.79510721789643
196809 106.97213261648749
196810 109.8587365591398
196811 110.62706093189963
196812 110.14816308243728
196901 109.99856630824372
196902 109.55501792114696
196903 107.99995519713262
196904 106.41532258064517
196905 106.22652329749104
196906 106.04444444444447
196907 105.84551971326165
196908 106.4446460573477
196909 105.37441756272402
196910 104.11321684587813
196911 104.53749999999998
196912 104.88678315412187
197001 105.57477598566307
197002 106.01966845878137
197003 106.15434587813621
197004 106.11832437275986
197005 105.81146953405018
197006 105.2814964157706
197007 103.83660394265235
197008 100.95977982590887
197009 97.16897721454175
197010 93.84146825396827
197011 89.35804531490015
197012 84.06628904249871
197101 80.37668330773168
197102 77.74630696364567
197103 74.37359190988222
197104 70.86646825396825
197105 68.08017793138761
197106 66.69308115719407
197107 65.39738223246287
197108 64.55061300474955
197109 65.75626313187493
197110 66.20980255839822
197111 66.80984736126561
197112 69.36128105302187
197201 70.76620936843406
197202 71.22051044370288
197203 72.44210542578173
197204 73.4190767519466
197205 72.91827030033372
197206 70.48063589173155
197207 68.1903133110864
197208 65.53948269240955
197209 62.220641321044546
197210 60.5693868407578
197211 58.750121607782894
197212 55.14057859703021
197301 50.89662698412699
197302 46.54044418842806
197303 44.210157450076814
197304 42.736053507424465
197305 40.72167178699437
197306 39.0661610343062
197307 37.490892217101894
197308 36.129765104966715
197309 34.39632616487455
197310 32.64036738351255
197311 31.79435483870968
197312 31.528897849462364
197401 32.74596774193548
197402 34.443548387096776
197403 33.981003584229384
197404 33.8679211469534
197405 34.59650537634408
197406 34.52804659498208
197407 34.05089605734767
197408 33.08099398361495
197409 32.06539298515106
197410 30.191557859703025
197411 27.45481950844854
197412 25.15558115719406
197501 22.979998719918072
197502 22.084837429595495
197503 21.244425243215566
197504 18.567991551459293
197505 16.75266897081413
197506 15.989765745007682
197507 15.012615207373273
197508 14.266953691932835
197509 14.403012606599928
197510 15.40659683599061
197511 16.11985848473613
197512 16.298397911259425
197601 15.237690025954763
197602 13.170485724879493
197603 12.183433753553329
197604 12.645306513409961
197605 12.533568162155483
197606 12.255163144234333
197607 12.911077122728956
197608 14.038219052915936
197609 14.268855606758834
197610 13.471947004608296
197611 13.482834101382492
197612 14.835387864823351
197701 16.74036098310292
197702 18.119393241167433
197703 19.95734126984127
197704 22.191794674859192
197705 24.15124807987711
197706 26.308282130056323
197707 28.950755248335895
197708 33.369726062468
197709 39.136815156169995
197710 45.58148361495136
197711 51.8702380952381
197712 56.89649257552483
197801 61.29371479774704
197802 64.50204813108039
197803 69.59510368663594
197804 76.90858934971838
197805 83.1623527905786
197806 89.34219150025602
197807 97.43358934971837
197808 104.04068420378901
197809 108.43138120839734
197810 111.0668202764977
197811 113.29365719406042
197812 117.71493855606758
197901 123.69267153097798
197902 130.90503712237583
197903 136.5007808499744
197904 141.13953533026114
197905 147.24495647721457
197906 153.03451740911422
197907 154.97403353814647
197908 155.40995274732066
197909 155.64291496724755
197910 157.75657984179952
197911 162.26002966258807
197912 164.48014615004328
198001 163.84004758373504
198002 162.59407984179953
198003 160.92015511061675
198004 158.634671239649
198005 156.26446514645903
198006 154.70877518230134
198007 152.73028055864538
198008 150.262583315677
198009 150.0825204813108
198010 150.1515168970814
198011 147.64793266769072
198012 142.69712621607786
198101 140.24363159242193
198102 141.52723374295957
198103 143.00877496159754
198104 143.42445596518175
198105 142.89569252432156
198106 141.4516065028162
198107 140.32123015873017
198108 141.1301779313876
198109 142.8208461341526
198110 142.1509984639017
198111 138.8319572452637
198112 137.76013824884794
198201 137.00417946748593
198202 133.3052547363031
198203 129.1553443420379
198204 124.31322964669738
198205 119.85305939580131
198206 117.24907194060417
198207 115.16439452124935
198208 109.35146249359958
198209 101.02374551971326
198210 95.66438172043011
198211 94.64910394265235
198212 94.553270609319
198301 92.75313620071684
198302 90.26388888888887
198303 85.91922043010753
198304 81.44551971326165
198305 77.12598566308243
198306 70.53091397849461
198307 65.49596774193547
198308 65.79134223210974
198309 67.93214682981089
198310 68.18214682981089
198311 66.77354467927326
198312 63.94827586206896
198401 60.207684464219504
198402 56.41332962550982
198403 53.040121740205166
198404 49.77175256457793
198405 47.50755005561735
198406 46.45302496601161
198407 44.15329378321593
198408 39.57254102883275
198409 33.91248719918075
198410 28.921313364055305
198411 24.65729006656427
198412 21.704377880184335
198501 20.51087429595494
198502 19.634530209933434
198503 18.54474526369687
198504 18.327272145417307
198505 18.32785458269329
198506 17.99644777265745
198507 17.35666282642089
198508 17.07973310291859
198509 17.300115207373274
198510 17.309882232462876
198511 16.831746031746032
198512 15.296665386584742
198601 13.808627752176138
198602 13.127176139272912
198603 12.967095494111623
198604 13.661853558627753
198605 14.31772273425499
198606 13.836495135688684
198607 13.72628008192524
198608 13.188165642601128
198609 12.305965181771633
198610 13.169002816180233
198611 14.853277009728624
198612 16.3389400921659
198701 17.64046338965694
198702 19.566538658474144
198703 22.12859062980031
198704 24.43795442908346
198705 26.51815156169995
198706 28.391359447004607
198707 31.259639016897083
198708 34.847964669738865
198709 38.9752688172043
198710 43.55515232974911
198711 46.70089605734767
198712 51.345250896057344
198801 58.23019713261649
198802 64.6347670250896
198803 71.26133512544803
198804 77.53844086021506
198805 83.77804659498209
198806 93.66953405017922
198807 104.27034050179213
198808 113.7437467997952
198809 121.25209933435741
198810 125.32414234511009
198811 130.36392729134664
198812 137.56065668202766
198901 142.0369559651818
198902 144.9697516641065
198903 149.7179147465438
198904 153.50505632360475
198905 156.92830901177675
198906 158.3529057859703
198907 158.4496799795187
198908 157.67870263696878
198909 156.61068228366614
198910 157.3830389144905
198911 157.52233102918586
198912 153.47967869943676
199001 150.63595110087047
199002 152.87923067076292
199003 152.0398489503328
199004 149.3174027137737
199005 147.00467869943677
199006 143.7779761904762
199007 140.6059331797235
199008 140.46317204301073
199009 142.06906682027653
199010 142.12654889912957
199011 141.66252560163852
199012 143.88600230414747
199101 147.5758768561188
199102 147.59066180235536
199103 146.59473886328726
199104 146.53698796722992
199105 145.51118151561698
199106 145.15741807475678
199107 146.3133320532514
199108 146.58987113106272
199109 144.85968977876652
199110 141.7195912124583
199111 138.0647076999135
199112 131.730657520702
199201 123.70977938450129
199202 115.38719873934001
199203 108.17160734149054
199204 103.30413422321097
199205 100.31443888270917
199206 97.05861450994932
199207 90.70511988629342
199208 84.00586575471864
199209 79.54720302099334
199210 76.44290194572453
199211 74.35741807475678
199212 73.19971198156682
199301 71.4008768561188
199302 69.31082309267795
199303 66.65293778801845
199304 63.57704173067078
199305 59.88447900665643
199306 56.134120583717355
199307 54.667722734255
199308 52.29771505376345
199309 48.39948156682028
199310 44.888549667178694
199311 41.15315540194572
199312 38.430261136712744
199401 36.57027009728622
199402 34.797420634920634
199403 34.11095110087046
199404 33.7309331797235
199405 32.48147081413211
199406 30.80324500768049
199407 28.456470814132103
199408 26.82095814132104
199409 26.563133640552994
199410 26.45282898105479
199411 26.228277009728618
199412 25.57455837173579
199501 24.20309779825909
199502 23.005517153097795
199503 22.08634152585765
199504 20.554262672811056
199505 19.22773937532002
199506 18.182130056323604
199507 16.977828981054788
199508 15.383799239013365
199509 13.405360894821406
199510 12.106704980842911
199511 11.347027561488074
199512 10.809572364355455
199601 10.385020393029292
199602 10.125611790878752
199603 9.706032937832159
199604 8.442368063280188
199605 7.971758744283773
199606 8.478299962921765
199607 8.377493511308861
199608 8.27115843000159
199609 8.383909370199692
199610 8.810925499231951
199611 9.799769585253456
199612 10.383058115719406
199701 10.513389656938044
199702 11.020110087045571
199703 13.50622119815668
199704 16.48830005120328
199705 18.278712237583207
199706 20.316436251920127
199707 22.56509216589862
199708 25.015408986175117
199709 28.299059139784948
199710 31.79887992831541
199711 34.95058243727598
199712 38.93839605734767
199801 43.69502688172043
199802 48.863037634408606
199803 53.42302867383512
199804 56.5206541218638
199805 59.34466845878137
199806 62.50336021505376
199807 65.45631720430107
199808 67.79651497695852
199809 69.46332565284179
199810 70.47448156682027
199811 72.9937019969278
199812 77.87542242703533
199901 82.62273425499231
199902 84.64289554531489
199903 83.8129672299027
199904 85.46959805427547
199905 90.48595110087045
199906 93.06413210445469
199907 94.34773425499232
199908 97.45911462471527
199909 102.30302187615867
199910 107.78402546038808
199911 110.99352366827338
199912 111.09468854282535
200001 112.92300395501174
200002 116.81278890124831
200003 119.93814732418737
200004 120.80812940304041
200005 118.98366703744902
200006 118.7089358546533
200007 119.76269929551353
200008 118.64575056941574
200009 116.2572964669739
200010 114.46984126984127
200011 112.68373015873017
200012 112.01845238095238
200101 108.71473374295955
200102 104.02924987199181
200103 104.73081797235022
200104 107.52781618023555
200105 108.6039810547875
200106 109.74600614439323
200107 111.67208141321045
200108 113.55831413210446
200109 114.04535330261137
200110 113.9579877112135
200111 115.50771889400922
200112 114.61161674347159
200201 113.44938556067588
200202 114.60798771121351
200203 113.31215437788016
200204 110.43029953917049
200205 108.80400025601637
200206 106.20861495135688
200207 102.6373783922171
200208 98.64803507424476
200209 94.53772401433692
200210 90.45757168458782
200211 85.17580645161291
200212 81.96765232974909
200301 80.83476702508959
200302 78.3374551971326
200303 73.98136200716844
200304 70.11048387096774
200305 67.60210573476702
200306 64.99292114695339
200307 61.79534050179211
200308 60.02193486590039
200309 59.51465826226672
200310 58.150724570510455
200311 56.73571560993697
200312 54.762373316030164
200401 51.99736435545668
200402 49.3293536027685
200403 47.12912958843159
200404 45.525679767643055
200405 43.80556328018786
200406 41.62576937337783
200407 40.18356507230255
200408 39.238604732771854
200409 37.52348310291859
200410 35.87285586277522
200411 35.298841525857654
200412 35.19010496671787
200501 34.567927547363034
200502 33.920078084997435
200503 33.490239375320016
200504 31.612820020481305
200505 28.913178443420374
200506 28.81568740399385
200507 29.118106758832557
200508 27.440735407066054
200509 25.846697388632872
200510 25.516052227342552
200511 24.915245775729645
200512 23.00610599078341
200601 20.785138248847925
200602 18.64400921658986
200603 17.354403481822835
200604 17.115873015873017
200605 17.33289810547875
200606 16.332181259600613
200607 15.248847926267281
200608 15.55472350230415
200609 15.544738863287252
200610 14.172651049667182
200611 12.613735279057863
200612 12.09509728622632
200701 11.913824884792625
200702 11.52269585253456
200703 10.735061443932409
200704 9.835867895545315
200705 8.615841013824886
200706 7.648502304147466
200707 6.938824884792627
200708 6.016867948514222
200709 5.85566370040786
200710 6.0324110122358165
200711 5.654050797182053
200712 4.9340239154616246
200801 4.201900259547646
200802 3.602437893956248
200803 3.315654739834384
200804 3.342043628723273
200805 3.5225991842788282
200806 3.234068718329007
200807 2.766326782845136
200808 2.6532414764200083
200809 2.2673067076292885
200810 1.8249679979518694
200811 1.7280593958013313
200812 1.7005952380952376
200901 1.7833461341525858
200902 1.8639912954429085
200903 1.9771633384536609
200904 2.1897977470558114
200905 2.2704877112135176
200906 2.685855094726062
200907 3.595801331285202
200908 4.816471454173067
200909 6.151388888888889
200910 7.061603942652329
200911 7.600851254480286
200912 8.284543010752687
201001 9.263933691756272
201002 10.614740143369175
201003 12.302822580645163
201004 13.957302867383511
201005 15.463172043010752
201006 16.33866487455197
201007 16.721729390681002
201008 17.40529313876088
201009 19.543157962109575
201010 23.164752944188425
201011 26.471831797235023
201012 28.817799539170505
201101 30.94871351766513
201102 33.39629416282642
201103 36.88796082949309
201104 41.77478878648233
201105 47.5963389656938
201106 53.171921402969794
201107 57.25928699436764
201108 59.04428785511238
201109 59.534933877147445
201110 59.919028859226295
201111 61.09479050797182
201112 63.38305215671733
201201 65.47507724632307
201202 66.94013100976393
201203 66.76593746137684
201204 64.62803423557038
201205 61.72624212087505
201206 58.93063280187863
201207 57.78278333951305
201208 58.19065882285432
201209 58.138856886840756
201210 58.58805043522785
201211 59.707942908346126
201212 59.613946492575515
201301 58.717530721966206
